1 0.205256 0.860243 0.066761 0.095486
1 0.394886 0.83941 0.068182 0.123264
1 0.579545 0.610243 0.076705 0.067708
1 0.75 0.707465 0.088068 0.116319
1 0.763494 0.936632 0.069602 0.109375
1 0.762074 0.838542 0.044034 0.100694
1 0.56179 0.416667 0.06108 0.09375
1 0.612216 0.345486 0.065341 0.086806
1 0.53196 0.123264 0.069602 0.079861
1 0.444602 0.171007 0.0625 0.074653
1 0.424716 0.231771 0.059659 0.078125
1 0.399858 0.34375 0.066761 0.090278
1 0.269176 0.306424 0.069602 0.105903
1 0.146307 0.338542 0.099432 0.079861
1 0.036222 0.474826 0.072443 0.116319
