1 0.828472 0.187654 0.059722 0.093827
1 0.039583 0.501235 0.079167 0.11358
1 0.074306 0.401235 0.073611 0.101235
1 0.134028 0.332099 0.079167 0.111111
1 0.188194 0.361728 0.076389 0.096296
1 0.159722 0.487654 0.080556 0.116049
0 0.246528 0.375309 0.079167 0.083951
1 0.254167 0.495062 0.063889 0.116049
2 0.3375 0.692593 0.125 0.150617
1 0.328472 0.42716 0.065278 0.138272
1 0.288889 0.333333 0.052778 0.064198
1 0.295833 0.253086 0.047222 0.081481
1 0.2375 0.248148 0.05 0.071605
1 0.338194 0.3 0.051389 0.08642
1 0.384028 0.340741 0.059722 0.103704
1 0.388194 0.432099 0.070833 0.108642
1 0.419444 0.216049 0.047222 0.076543
1 0.470139 0.183951 0.059722 0.071605
1 0.479861 0.248148 0.070833 0.091358
1 0.441667 0.307407 0.075 0.096296
0 0.513194 0.192593 0.043056 0.059259
1 0.460417 0.396296 0.079167 0.120988
1 0.527778 0.095062 0.036111 0.05679
2 0.552778 0.11358 0.044444 0.039506
1 0.713194 0.137037 0.054167 0.091358
1 0.6625 0.124691 0.05 0.111111
1 0.604167 0.148148 0.058333 0.103704
1 0.588194 0.222222 0.054167 0.093827
1 0.609028 0.253086 0.056944 0.096296
2 0.643056 0.198765 0.063889 0.061728
1 0.674306 0.262963 0.0625 0.08642
1 0.667361 0.330864 0.068056 0.103704
0 0.942361 0.328395 0.0875 0.11358
1 0.888194 0.235802 0.076389 0.135802
0 0.797222 0.277778 0.108333 0.155556
0 0.725 0.208642 0.116667 0.071605
1 0.867361 0.34321 0.0875 0.153086
1 0.958333 0.219753 0.080556 0.128395
1 0.043056 0.64321 0.086111 0.160494
0 0.763194 0.381481 0.101389 0.155556
0 0.7 0.407407 0.088889 0.133333
1 0.759028 0.519753 0.123611 0.175309
1 0.643056 0.430864 0.088889 0.185185
1 0.507639 0.476543 0.095833 0.158025
0 0.573611 0.44321 0.075 0.150617
0 0.197222 0.523457 0.075 0.103704
1 0.208333 0.637037 0.072222 0.118519
1 0.170139 0.685185 0.079167 0.135802
0 0.183333 0.779012 0.177778 0.264198
1 0.245833 0.781481 0.111111 0.2
0 0.2875 0.602469 0.088889 0.14321
1 0.413889 0.841975 0.152778 0.28642
0 0.484722 0.630864 0.175 0.135802
0 0.463194 0.760494 0.154167 0.22716
0 0.734722 0.714815 0.122222 0.269136
1 0.2125 0.954321 0.141667 0.08642
1 0.608333 0.764198 0.147222 0.269136
1 0.620833 0.934568 0.191667 0.125926
1 0.944444 0.612346 0.108333 0.281481
