1 0.886519 0.315625 0.06314 0.06875
1 0.924061 0.363542 0.052901 0.064583
1 0.832765 0.26875 0.071672 0.0875
1 0.775597 0.183333 0.059727 0.1
1 0.674915 0.880208 0.080205 0.09375
1 0.859215 0.910417 0.093857 0.1125
1 0.94198 0.930208 0.095563 0.11875
1 0.957338 0.770833 0.081911 0.125
1 0.971843 0.636458 0.052901 0.114583
1 0.970137 0.528125 0.035836 0.08125
1 0.916382 0.472917 0.075085 0.108333
1 0.769625 0.517708 0.119454 0.139583
1 0.56314 0.741667 0.075085 0.095833
1 0.595563 0.653125 0.068259 0.09375
1 0.767065 0.401042 0.093857 0.110417
1 0.507679 0.144792 0.073379 0.09375
1 0.464164 0.217708 0.047782 0.10625
1 0.523891 0.414583 0.064846 0.104167
1 0.459044 0.385417 0.054608 0.083333
1 0.349829 0.639583 0.054608 0.070833
1 0.369454 0.728125 0.080205 0.102083
1 0.959044 0.095833 0.071672 0.079167
1 0.866894 0.111458 0.064846 0.077083
1 0.899317 0.163542 0.064846 0.08125
