1 0.268466 0.204861 0.076705 0.107639
1 0.196733 0.204861 0.066761 0.076389
1 0.202415 0.055556 0.055398 0.100694
1 0.024148 0.103299 0.048295 0.046875
1 0.102273 0.128472 0.056818 0.0625
1 0.098011 0.211806 0.059659 0.072917
1 0.178977 0.290799 0.056818 0.092014
1 0.181108 0.381944 0.069602 0.079861
1 0.105114 0.314236 0.056818 0.086806
1 0.046165 0.37066 0.069602 0.102431
1 0.105114 0.445312 0.053977 0.081597
1 0.59233 0.023438 0.082386 0.046875
1 0.621449 0.086806 0.069602 0.090278
1 0.806818 0.49566 0.073864 0.095486
1 0.890625 0.397569 0.099432 0.131944
3 0.286222 0.730903 0.09517 0.15625
