1 0.62372 0.423958 0.066553 0.052083
1 0.582765 0.227083 0.056314 0.0625
1 0.505973 0.1625 0.039249 0.045833
1 0.472696 0.167708 0.040956 0.052083
1 0.708191 0.30625 0.051195 0.054167
1 0.712457 0.177083 0.046075 0.0625
1 0.780717 0.223958 0.039249 0.035417
1 0.777304 0.271875 0.056314 0.052083
1 0.587031 0.295833 0.044369 0.054167
1 0.944539 0.452083 0.06314 0.070833
1 0.922355 0.413542 0.056314 0.064583
1 0.96587 0.4 0.047782 0.0625
1 0.797782 0.115625 0.039249 0.064583
1 0.877133 0.215625 0.040956 0.06875
1 0.530717 0.488542 0.05802 0.08125
1 0.725256 0.423958 0.040956 0.047917
1 0.366894 0.461458 0.044369 0.072917
1 0.355802 0.395833 0.056314 0.058333
1 0.348976 0.325 0.046075 0.066667
1 0.328498 0.267708 0.052901 0.052083
1 0.197952 0.238542 0.037543 0.052083
1 0.176621 0.210417 0.039249 0.045833
1 0.975256 0.142708 0.046075 0.064583
1 0.866041 0.26875 0.052901 0.05
1 0.959898 0.295833 0.056314 0.0625
1 0.498294 0.560417 0.040956 0.0625
1 0.768771 0.596875 0.056314 0.072917
1 0.835324 0.64375 0.052901 0.066667
1 0.919795 0.66875 0.05802 0.066667
1 0.924915 0.714583 0.064846 0.075
1 0.956485 0.679167 0.042662 0.066667
1 0.495734 0.695833 0.059727 0.075
1 0.664676 0.721875 0.056314 0.06875
1 0.714164 0.776042 0.069966 0.089583
1 0.721843 0.863542 0.078498 0.089583
1 0.81314 0.829167 0.059727 0.079167
1 0.865188 0.926042 0.071672 0.089583
1 0.552048 0.716667 0.049488 0.070833
1 0.429181 0.901042 0.059727 0.060417
