1 0.714164 0.414583 0.046075 0.054167
1 0.656997 0.398958 0.047782 0.052083
1 0.563993 0.411458 0.042662 0.04375
1 0.498294 0.43125 0.040956 0.054167
1 0.507679 0.371875 0.049488 0.047917
1 0.304608 0.271875 0.046075 0.047917
1 0.301195 0.486458 0.052901 0.052083
1 0.391638 0.688542 0.066553 0.072917
1 0.384812 0.765625 0.059727 0.089583
1 0.278157 0.928125 0.05802 0.064583
1 0.28413 0.864583 0.059727 0.0875
1 0.203925 0.948958 0.049488 0.06875
1 0.15785 0.858333 0.049488 0.070833
1 0.114334 0.911458 0.047782 0.064583
1 0.286689 0.634375 0.054608 0.05625
1 0.242321 0.641667 0.040956 0.045833
1 0.033276 0.842708 0.059727 0.08125
1 0.040956 0.761458 0.054608 0.06875
1 0.268771 0.310417 0.052901 0.0625
1 0.200512 0.45 0.042662 0.075
1 0.118601 0.434375 0.052901 0.060417
1 0.105802 0.34375 0.054608 0.045833
1 0.096416 0.26875 0.046075 0.05
1 0.032423 0.335417 0.047782 0.0625
1 0.045222 0.445833 0.06314 0.05
