1 0.761092 0.142708 0.105802 0.110417
1 0.949659 0.205208 0.09727 0.13125
1 0.973549 0.563542 0.049488 0.14375
1 0.969283 0.782292 0.05802 0.152083
1 0.888225 0.760417 0.117747 0.170833
1 0.761092 0.717708 0.003413 0.002083
1 0.745734 0.855208 0.09215 0.10625
1 0.665529 0.75625 0.102389 0.158333
1 0.618601 0.435417 0.073379 0.120833
1 0.5657 0.517708 0.066553 0.114583
1 0.530717 0.609375 0.075085 0.122917
1 0.492321 0.247917 0.076792 0.095833
1 0.420648 0.229167 0.052901 0.083333
1 0.298635 0.583333 0.078498 0.108333
1 0.285836 0.486458 0.06314 0.077083
1 0.771331 0.257292 0.129693 0.164583
