1 0.049488 0.16875 0.061433 0.0625
1 0.049488 0.115625 0.05802 0.060417
1 0.15785 0.086458 0.046075 0.052083
1 0.100683 0.966667 0.068259 0.058333
1 0.08959 0.891667 0.066553 0.0875
1 0.068259 0.755208 0.075085 0.089583
1 0.038396 0.663542 0.056314 0.077083
1 0.641638 0.719792 0.061433 0.077083
1 0.368601 0.846875 0.047782 0.06875
1 0.34727 0.804167 0.059727 0.075
1 0.441126 0.661458 0.073379 0.085417
1 0.455631 0.472917 0.064846 0.0875
1 0.346416 0.740625 0.078498 0.089583
1 0.375427 0.608333 0.061433 0.108333
1 0.251706 0.426042 0.056314 0.08125
1 0.209044 0.416667 0.052901 0.041667
1 0.261945 0.496875 0.073379 0.077083
1 0.321672 0.5125 0.076792 0.075
1 0.37372 0.451042 0.071672 0.085417
1 0.288396 0.408333 0.051195 0.066667
1 0.703925 0.632292 0.066553 0.08125
1 0.649317 0.571875 0.056314 0.072917
1 0.65529 0.388542 0.061433 0.097917
1 0.627133 0.326042 0.046075 0.072917
1 0.976109 0.623958 0.044369 0.072917
1 0.925768 0.578125 0.06314 0.08125
1 0.924915 0.430208 0.061433 0.085417
1 0.790956 0.221875 0.046075 0.08125
1 0.859215 0.434375 0.052901 0.085417
1 0.444539 0.158333 0.059727 0.070833
1 0.399317 0.30625 0.054608 0.0875
1 0.326792 0.05 0.049488 0.041667
1 0.366041 0.109375 0.035836 0.089583
1 0.377133 0.19375 0.044369 0.083333
1 0.759386 0.545833 0.061433 0.095833
