1 0.173295 0.914062 0.056818 0.078125
1 0.286932 0.672743 0.048295 0.085069
1 0.389915 0.625868 0.06392 0.067708
1 0.419034 0.501736 0.056818 0.079861
1 0.358665 0.517361 0.052557 0.0625
1 0.577415 0.40625 0.041193 0.0625
1 0.56179 0.481771 0.038352 0.060764
1 0.545455 0.534722 0.03125 0.069444
1 0.505682 0.697917 0.051136 0.0625
1 0.647017 0.592882 0.06392 0.081597
1 0.666903 0.81684 0.066761 0.078125
1 0.616477 0.834201 0.065341 0.095486
1 0.914062 0.818576 0.066761 0.095486
1 0.786222 0.706597 0.052557 0.065972
1 0.869318 0.611111 0.051136 0.069444
1 0.729403 0.485243 0.066761 0.098958
1 0.772017 0.37066 0.06108 0.081597
1 0.792614 0.493924 0.045455 0.088542
1 0.426136 0.161458 0.056818 0.072917
1 0.298295 0.105903 0.0625 0.059028
1 0.510653 0.1875 0.049716 0.069444
1 0.523438 0.097222 0.046875 0.055556
1 0.242188 0.028646 0.075284 0.057292
1 0.68892 0.913194 0.127841 0.090278
1 0.198153 0.774306 0.106534 0.114583
