1 0.639205 0.236111 0.065341 0.09375
3 0.304688 0.317708 0.069602 0.086806
1 0.196023 0.068576 0.056818 0.067708
1 0.149858 0.104167 0.052557 0.069444
1 0.191761 0.145833 0.048295 0.069444
1 0.043324 0.145833 0.058239 0.076389
1 0.822443 0.15625 0.059659 0.072917
1 0.702415 0.145833 0.066761 0.076389
1 0.935369 0.116319 0.055398 0.072917
1 0.919034 0.298611 0.048295 0.076389
1 0.847301 0.287326 0.058239 0.074653
1 0.977273 0.381944 0.042614 0.079861
1 0.676847 0.606771 0.078125 0.085069
1 0.497869 0.548611 0.072443 0.107639
