1 0.074232 0.376042 0.02901 0.047917
1 0.214164 0.18125 0.069966 0.0625
1 0.480375 0.071875 0.049488 0.052083
1 0.413823 0.122917 0.049488 0.075
1 0.361775 0.145833 0.047782 0.054167
1 0.328498 0.091667 0.049488 0.054167
1 0.299488 0.122917 0.042662 0.05
1 0.313993 0.195833 0.054608 0.058333
1 0.277304 0.252083 0.052901 0.070833
1 0.293515 0.384375 0.040956 0.060417
1 0.261945 0.372917 0.049488 0.058333
1 0.277304 0.46875 0.059727 0.054167
1 0.276451 0.528125 0.051195 0.052083
1 0.404437 0.392708 0.051195 0.04375
1 0.363481 0.3875 0.047782 0.05
1 0.447952 0.454167 0.066553 0.05
1 0.403584 0.522917 0.035836 0.0625
1 0.529863 0.327083 0.046075 0.05
1 0.575085 0.459375 0.047782 0.072917
1 0.69198 0.154167 0.052901 0.075
1 0.132253 0.7375 0.052901 0.0375
1 0.212457 0.745833 0.046075 0.041667
1 0.174915 0.722917 0.046075 0.054167
1 0.09727 0.78125 0.044369 0.045833
1 0.034983 0.822917 0.049488 0.070833
1 0.081058 0.289583 0.052901 0.0875
1 0.175768 0.308333 0.054608 0.066667
1 0.069966 0.215625 0.061433 0.072917
1 0.045222 0.16875 0.046075 0.079167
