2 0.622867 0.569792 0.05802 0.089583
2 0.706485 0.571875 0.061433 0.085417
2 0.651024 0.514583 0.073379 0.091667
2 0.714164 0.49375 0.080205 0.095833
2 0.922355 0.21875 0.046075 0.070833
2 0.852389 0.260417 0.069966 0.066667
2 0.813993 0.33125 0.064846 0.0875
2 0.886519 0.380208 0.073379 0.077083
2 0.957338 0.347917 0.064846 0.0875
2 0.977816 0.40625 0.040956 0.079167
2 0.598123 0.391667 0.059727 0.083333
2 0.598123 0.4625 0.059727 0.083333
2 0.707338 0.654167 0.069966 0.1
2 0.667235 0.785417 0.078498 0.1125
2 0.520478 0.522917 0.05802 0.0875
2 0.840444 0.679167 0.066553 0.091667
2 0.972696 0.686458 0.051195 0.09375
2 0.976962 0.805208 0.042662 0.10625
2 0.245734 0.727083 0.078498 0.1125
1 0.202218 0.235417 0.069966 0.0875
