2 0.182639 0.709877 0.095833 0.125926
0 0.644444 0.932099 0.136111 0.130864
0 0.471528 0.817284 0.126389 0.271605
0 0.634028 0.725926 0.209722 0.385185
1 0.524306 0.677778 0.140278 0.249383
1 0.294444 0.885185 0.147222 0.224691
1 0.329167 0.728395 0.166667 0.207407
1 0.791667 0.459259 0.125 0.212346
0 0.166667 0.914815 0.141667 0.160494
0 0.160417 0.833333 0.140278 0.180247
1 0.932639 0.245679 0.081944 0.135802
0 0.9625 0.337037 0.072222 0.195062
0 0.905556 0.451852 0.172222 0.222222
1 0.731944 0.350617 0.102778 0.133333
0 0.834722 0.306173 0.147222 0.118519
1 0.857639 0.254321 0.079167 0.103704
0 0.685417 0.259259 0.104167 0.108642
0 0.629167 0.248148 0.066667 0.091358
1 0.602778 0.223457 0.069444 0.111111
0 0.777083 0.251852 0.106944 0.083951
2 0.050694 0.614815 0.095833 0.093827
0 0.035417 0.714815 0.070833 0.120988
0 0.135417 0.695062 0.159722 0.185185
0 0.308333 0.519753 0.088889 0.175309
1 0.379861 0.485185 0.090278 0.175309
1 0.421528 0.275309 0.065278 0.091358
0 0.446528 0.335802 0.065278 0.11358
1 0.513889 0.145679 0.05 0.079012
1 0.668056 0.123457 0.077778 0.088889
1 0.763194 0.103704 0.068056 0.088889
1 0.825694 0.148148 0.076389 0.088889
1 0.403472 0.165432 0.048611 0.093827
1 0.260417 0.371605 0.056944 0.08642
1 0.327083 0.307407 0.070833 0.081481
0 0.288194 0.382716 0.090278 0.123457
0 0.188889 0.588889 0.097222 0.111111
1 0.125694 0.560494 0.090278 0.138272
1 0.177778 0.511111 0.083333 0.133333
1 0.034028 0.561728 0.068056 0.165432
0 0.528472 0.306173 0.070833 0.064198
0 0.651389 0.428395 0.127778 0.234568
0 0.622222 0.477778 0.063889 0.204938
0 0.558333 0.439506 0.072222 0.241975
