1 0.774858 0.888889 0.106534 0.145833
1 0.784801 0.528646 0.058239 0.102431
1 0.65767 0.863715 0.107955 0.164931
1 0.726562 0.772569 0.083807 0.069444
1 0.544744 0.792535 0.109375 0.105903
1 0.601562 0.644097 0.09233 0.173611
1 0.59304 0.412326 0.069602 0.112847
1 0.642045 0.513021 0.073864 0.123264
1 0.419034 0.753472 0.150568 0.111111
1 0.308949 0.610243 0.089489 0.178819
1 0.304688 0.378472 0.046875 0.076389
1 0.424716 0.242188 0.082386 0.095486
1 0.3125 0.12934 0.073864 0.102431
1 0.099432 0.321181 0.073864 0.104167
1 0.055398 0.228299 0.0625 0.095486
1 0.085227 0.163194 0.082386 0.107639
1 0.161222 0.048611 0.06108 0.055556
1 0.236506 0.109375 0.044034 0.079861
1 0.260653 0.186632 0.06392 0.102431
