1 0.188567 0.46875 0.073379 0.104167
1 0.194539 0.619792 0.071672 0.102083
1 0.780717 0.710417 0.066553 0.104167
1 0.540956 0.8625 0.040956 0.079167
1 0.324232 0.139583 0.061433 0.075
1 0.483788 0.120833 0.080205 0.1
1 0.069113 0.164583 0.073379 0.0875
1 0.151877 0.240625 0.051195 0.060417
1 0.198805 0.23125 0.052901 0.070833
1 0.156143 0.377083 0.059727 0.0625
1 0.418089 0.476042 0.071672 0.085417
1 0.44198 0.394792 0.051195 0.089583
1 0.495734 0.33125 0.056314 0.0875
1 0.540956 0.241667 0.09215 0.104167
1 0.308874 0.547917 0.064846 0.0875
1 0.216724 0.83125 0.078498 0.1
1 0.1843 0.727083 0.071672 0.1125
1 0.754266 0.332292 0.044369 0.06875
1 0.593857 0.151042 0.047782 0.072917
1 0.535836 0.014583 0.054608 0.029167
1 0.451365 0.016667 0.06314 0.033333
1 0.391638 0.013542 0.042662 0.027083
