0 0.671528 0.209877 0.051389 0.11358
0 0.665972 0.288889 0.093056 0.079012
0 0.634028 0.109877 0.068056 0.101235
0 0.327083 0.901235 0.095833 0.192593
0 0.245833 0.695062 0.208333 0.308642
0 0.173611 0.641975 0.194444 0.187654
0 0.886111 0.776543 0.225 0.318519
0 0.900694 0.634568 0.195833 0.25679
0 0.885417 0.553086 0.226389 0.192593
0 0.653472 0.367901 0.176389 0.148148
0 0.876389 0.438272 0.244444 0.140741
0 0.706944 0.614815 0.122222 0.355556
0 0.622917 0.565432 0.104167 0.251852
0 0.516667 0.592593 0.2 0.241975
0 0.934722 0.234568 0.127778 0.133333
0 0.916667 0.117284 0.136111 0.165432
0 0.576389 0.21358 0.077778 0.066667
0 0.566667 0.177778 0.086111 0.054321
0 0.510417 0.383951 0.120833 0.234568
0 0.417361 0.424691 0.156944 0.212346
0 0.424306 0.267901 0.143056 0.160494
1 0.386806 0.525926 0.134722 0.251852
1 0.333333 0.319753 0.086111 0.160494
0 0.270833 0.381481 0.094444 0.209877
0 0.236111 0.3 0.125 0.125926
0 0.186111 0.203704 0.130556 0.249383
0 0.438889 0.102469 0.147222 0.096296
1 0.255556 0.188889 0.080556 0.130864
1 0.213194 0.096296 0.0625 0.083951
1 0.322917 0.154321 0.070833 0.116049
1 0.373611 0.067901 0.063889 0.101235
1 0.372222 0.169136 0.063889 0.116049
0 0.554861 0.059259 0.0625 0.118519
0 0.731944 0.122222 0.097222 0.17037
0 0.838194 0.053086 0.145833 0.106173
0 0.828472 0.155556 0.084722 0.108642
0 0.040278 0.57037 0.080556 0.177778
2 0.110417 0.455556 0.129167 0.135802
