1 0.513889 0.135802 0.111111 0.182716
1 0.400694 0.216049 0.101389 0.135802
1 0.472917 0.318519 0.151389 0.17284
1 0.617361 0.241975 0.131944 0.197531
1 0.650694 0.359259 0.154167 0.239506
1 0.200694 0.260494 0.120833 0.125926
1 0.102778 0.417284 0.141667 0.192593
1 0.020833 0.696296 0.041667 0.202469
1 0.133333 0.634568 0.141667 0.276543
1 0.105556 0.860494 0.211111 0.274074
0 0.184028 0.359259 0.131944 0.101235
2 0.295833 0.140741 0.072222 0.108642
0 0.370139 0.077778 0.076389 0.116049
0 0.229861 0.61358 0.076389 0.175309
2 0.540278 0.506173 0.161111 0.192593
1 0.872222 0.180247 0.183333 0.25679
0 0.792361 0.087654 0.151389 0.175309
0 0.9375 0.262963 0.122222 0.328395
0 0.901389 0.828395 0.191667 0.338272
1 0.883333 0.592593 0.230556 0.301235
1 0.705556 0.828395 0.288889 0.338272
