2 0.026389 0.466667 0.052778 0.118519
2 0.463194 0.104938 0.084722 0.08642
2 0.40625 0.092593 0.068056 0.116049
2 0.161111 0.245679 0.088889 0.116049
0 0.440278 0.259259 0.116667 0.093827
2 0.536806 0.176543 0.090278 0.116049
2 0.307639 0.359259 0.101389 0.140741
2 0.1 0.467901 0.122222 0.140741
2 0.079861 0.654321 0.131944 0.207407
2 0.156944 0.760494 0.122222 0.232099
2 0.270139 0.8 0.154167 0.266667
2 0.4125 0.68642 0.133333 0.246914
2 0.452778 0.895062 0.144444 0.204938
2 0.554861 0.941975 0.179167 0.111111
2 0.483333 0.441975 0.136111 0.158025
2 0.624306 0.802469 0.148611 0.222222
2 0.740278 0.892593 0.172222 0.209877
0 0.517361 0.685185 0.073611 0.293827
0 0.463889 0.6 0.097222 0.237037
1 0.61875 0.602469 0.145833 0.217284
3 0.707639 0.398765 0.179167 0.195062
3 0.956944 0.424691 0.083333 0.202469
1 0.870139 0.84321 0.243056 0.308642
2 0.863889 0.312346 0.108333 0.17037
2 0.740278 0.258025 0.122222 0.165432
