0 0.325694 0.522222 0.079167 0.234568
0 0.694444 0.840741 0.230556 0.31358
0 0.809722 0.822222 0.25 0.350617
0 0.85625 0.604938 0.284722 0.237037
0 0.494444 0.435802 0.141667 0.224691
0 0.563889 0.425926 0.108333 0.125926
0 0.632639 0.579012 0.168056 0.318519
0 0.928472 0.409877 0.140278 0.251852
0 0.770139 0.482716 0.179167 0.274074
0 0.41875 0.523457 0.198611 0.276543
0 0.59375 0.351852 0.131944 0.190123
0 0.447222 0.191358 0.113889 0.116049
0 0.470833 0.274074 0.169444 0.202469
0 0.595833 0.198765 0.127778 0.101235
0 0.790972 0.244444 0.243056 0.138272
0 0.747222 0.174074 0.205556 0.116049
1 0.625 0.104938 0.088889 0.140741
0 0.729861 0.055556 0.123611 0.111111
1 0.834028 0.085185 0.1125 0.160494
