1 0.288194 0.14321 0.065278 0.108642
1 0.709722 0.080247 0.116667 0.160494
1 0.448611 0.034568 0.063889 0.069136
2 0.484722 0.045679 0.072222 0.091358
2 0.616667 0.1 0.086111 0.111111
2 0.522917 0.137037 0.084722 0.101235
1 0.55625 0.02963 0.0875 0.059259
0 0.563889 0.061728 0.158333 0.103704
0 0.85625 0.169136 0.126389 0.2
0 0.959028 0.206173 0.079167 0.190123
0 0.754167 0.222222 0.161111 0.17284
0 0.700694 0.318519 0.126389 0.202469
0 0.383333 0.480247 0.283333 0.259259
1 0.426389 0.174074 0.083333 0.120988
1 0.315972 0.240741 0.098611 0.140741
1 0.146528 0.422222 0.098611 0.153086
2 0.213889 0.344444 0.075 0.150617
0 0.038889 0.344444 0.077778 0.096296
2 0.03125 0.446914 0.0625 0.133333
2 0.063194 0.548148 0.123611 0.118519
0 0.059722 0.640741 0.119444 0.135802
0 0.063194 0.704938 0.123611 0.214815
1 0.185417 0.582716 0.143056 0.222222
1 0.180556 0.811111 0.136111 0.249383
1 0.072917 0.897531 0.145833 0.2
