0 0.311806 0.707407 0.115278 0.214815
0 0.767361 0.793827 0.431944 0.407407
0 0.511111 0.801235 0.552778 0.392593
1 0.956944 0.574074 0.083333 0.288889
1 0.805556 0.560494 0.219444 0.276543
2 0.572917 0.574074 0.215278 0.239506
2 0.720139 0.237037 0.1375 0.158025
2 0.859722 0.211111 0.155556 0.180247
2 0.905556 0.139506 0.147222 0.155556
0 0.934722 0.051852 0.127778 0.103704
2 0.828472 0.04321 0.115278 0.08642
2 0.623611 0.038272 0.1 0.076543
2 0.575 0.214815 0.125 0.138272
2 0.025694 0.882716 0.051389 0.22963
2 0.221528 0.398765 0.123611 0.175309
0 0.364583 0.354321 0.218056 0.234568
1 0.384028 0.276543 0.129167 0.14321
1 0.538889 0.365432 0.155556 0.207407
2 0.4875 0.128395 0.113889 0.138272
2 0.375 0.169136 0.119444 0.116049
2 0.396528 0.02716 0.090278 0.054321
2 0.384722 0.085185 0.097222 0.076543
0 0.259028 0.145679 0.1625 0.128395
0 0.222222 0.074074 0.086111 0.088889
0 0.128472 0.196296 0.0875 0.185185
2 0.040972 0.192593 0.081944 0.118519
