0 0.372222 0.32963 0.108333 0.08642
2 0.404167 0.44321 0.127778 0.140741
0 0.382639 0.585185 0.059722 0.182716
0 0.446528 0.593827 0.070833 0.254321
2 0.350694 0.660494 0.115278 0.204938
2 0.232639 0.795062 0.129167 0.246914
2 0.117361 0.798765 0.120833 0.254321
2 0.395139 0.835802 0.120833 0.224691
2 0.493056 0.879012 0.155556 0.237037
2 0.540972 0.671605 0.134722 0.197531
1 0.536111 0.520988 0.122222 0.177778
3 0.607639 0.353086 0.1625 0.158025
3 0.875 0.28642 0.172222 0.167901
2 0.636111 0.22716 0.097222 0.128395
2 0.741667 0.225926 0.108333 0.140741
2 0.664583 0.764198 0.165278 0.264198
1 0.747222 0.640741 0.180556 0.279012
1 0.820833 0.860494 0.233333 0.274074
0 0.880556 0.723457 0.236111 0.202469
1 0.965278 0.512346 0.066667 0.254321
