1 0.240972 0.046914 0.090278 0.093827
2 0.084722 0.402469 0.163889 0.207407
2 0.138194 0.204938 0.140278 0.108642
2 0.376389 0.323457 0.113889 0.133333
1 0.600694 0.140741 0.145833 0.212346
1 0.328472 0.466667 0.193056 0.246914
2 0.535417 0.323457 0.1625 0.167901
2 0.497917 0.523457 0.173611 0.241975
2 0.317361 0.732099 0.176389 0.333333
2 0.15 0.667901 0.233333 0.244444
2 0.720833 0.274074 0.172222 0.212346
2 0.85 0.160494 0.2 0.22716
2 0.693056 0.807407 0.333333 0.380247
2 0.797222 0.564198 0.252778 0.338272
1 0.138889 0.850617 0.272222 0.293827
1 0.945139 0.64321 0.106944 0.412346
1 0.939583 0.341975 0.118056 0.328395
