1 0.11875 0.111111 0.0625 0.083951
0 0.927778 0.51358 0.116667 0.335802
0 0.907639 0.281481 0.090278 0.108642
2 0.9625 0.332099 0.072222 0.17037
2 0.963194 0.479012 0.070833 0.187654
1 0.722917 0.097531 0.084722 0.111111
1 0.707639 0.160494 0.079167 0.093827
1 0.916667 0.196296 0.138889 0.135802
1 0.785417 0.197531 0.104167 0.123457
0 0.70625 0.22963 0.134722 0.14321
1 0.81875 0.361728 0.1125 0.195062
1 0.702083 0.319753 0.098611 0.185185
0 0.608333 0.261728 0.097222 0.153086
0 0.647917 0.335802 0.084722 0.192593
1 0.432639 0.091358 0.084722 0.14321
1 0.367361 0.158025 0.073611 0.098765
1 0.213194 0.103704 0.081944 0.103704
2 0.579861 0.046914 0.106944 0.093827
1 0.058333 0.22716 0.086111 0.138272
2 0.4 0.228395 0.091667 0.145679
2 0.422917 0.346914 0.101389 0.165432
2 0.319444 0.338272 0.1 0.123457
1 0.230556 0.267901 0.108333 0.180247
1 0.125 0.395062 0.122222 0.167901
0 0.799306 0.57284 0.115278 0.350617
0 0.721528 0.495062 0.281944 0.2
1 0.459028 0.538272 0.1375 0.207407
2 0.588889 0.777778 0.188889 0.281481
0 0.652778 0.706173 0.222222 0.320988
0 0.775694 0.904938 0.365278 0.185185
0 0.320139 0.419753 0.126389 0.138272
0 0.167361 0.462963 0.170833 0.219753
0 0.038194 0.509877 0.076389 0.269136
0 0.101389 0.708642 0.127778 0.192593
0 0.195139 0.866667 0.190278 0.241975
0 0.374306 0.77284 0.123611 0.444444
0 0.302778 0.820988 0.175 0.353086
1 0.136806 0.934568 0.170833 0.125926
2 0.301389 0.248148 0.069444 0.081481
2 0.120833 0.195062 0.069444 0.133333
