2 0.955556 0.635802 0.086111 0.288889
0 0.504167 0.745679 0.219444 0.350617
1 0.434028 0.809877 0.234722 0.375309
1 0.972917 0.296296 0.051389 0.232099
1 0.861111 0.367901 0.191667 0.296296
1 0.039583 0.811111 0.079167 0.34321
1 0.158333 0.85679 0.219444 0.281481
0 0.36875 0.355556 0.179167 0.118519
0 0.198611 0.467901 0.108333 0.382716
1 0.296528 0.451852 0.145833 0.261728
1 0.394444 0.238272 0.133333 0.155556
2 0.476389 0.082716 0.1 0.106173
0 0.577083 0.058025 0.120833 0.116049
0 0.680556 0.041975 0.083333 0.079012
1 0.678472 0.203704 0.134722 0.185185
1 0.85 0.123457 0.172222 0.241975
2 0.038889 0.537037 0.077778 0.234568
2 0.088889 0.374074 0.136111 0.155556
1 0.256944 0.120988 0.083333 0.148148
