2 0.172917 0.346914 0.134722 0.135802
1 0.148611 0.195062 0.091667 0.162963
1 0.214583 0.218519 0.115278 0.175309
1 0.0625 0.291358 0.125 0.162963
1 0.306944 0.07037 0.108333 0.140741
0 0.247917 0.059259 0.048611 0.118519
0 0.333333 0.171605 0.088889 0.190123
2 0.501389 0.024691 0.097222 0.049383
2 0.443056 0.061728 0.102778 0.108642
1 0.398611 0.162963 0.086111 0.11358
1 0.5125 0.116049 0.105556 0.133333
2 0.470833 0.219753 0.086111 0.123457
0 0.66875 0.108642 0.1375 0.123457
0 0.702778 0.174074 0.097222 0.125926
1 0.813194 0.098765 0.118056 0.197531
1 0.940278 0.17284 0.116667 0.22716
1 0.877778 0.269136 0.130556 0.197531
1 0.747917 0.307407 0.156944 0.224691
1 0.86875 0.471605 0.198611 0.281481
1 0.354861 0.308642 0.1375 0.261728
1 0.472222 0.351852 0.161111 0.22963
1 0.443056 0.501235 0.186111 0.306173
1 0.3625 0.646914 0.188889 0.296296
1 0.303472 0.840741 0.234722 0.308642
1 0.134028 0.906173 0.251389 0.182716
2 0.2375 0.737037 0.144444 0.195062
2 0.609722 0.893827 0.280556 0.207407
