2 0.929167 0.030864 0.138889 0.061728
1 0.379861 0.059259 0.079167 0.093827
1 0.351389 0.232099 0.097222 0.167901
2 0.453472 0.077778 0.095833 0.076543
2 0.359028 0.133333 0.076389 0.093827
1 0.272222 0.181481 0.086111 0.140741
2 0.271528 0.261728 0.081944 0.133333
1 0.56875 0.144444 0.109722 0.288889
1 0.675694 0.159259 0.126389 0.209877
0 0.702083 0.32716 0.229167 0.239506
0 0.893056 0.660494 0.211111 0.674074
0 0.922222 0.408642 0.152778 0.274074
1 0.951389 0.177778 0.094444 0.261728
2 0.55 0.617284 0.205556 0.296296
2 0.555556 0.862963 0.275 0.269136
