1 0.11875 0.695062 0.159722 0.298765
1 0.21875 0.618519 0.151389 0.209877
1 0.245833 0.811111 0.2 0.37284
0 0.040278 0.785185 0.075 0.424691
1 0.240972 0.441975 0.079167 0.133333
0 0.302083 0.411111 0.0625 0.106173
1 0.24375 0.3 0.0875 0.145679
0 0.318056 0.261728 0.072222 0.093827
1 0.321528 0.195062 0.076389 0.088889
1 0.235417 0.141975 0.073611 0.130864
1 0.428472 0.777778 0.240278 0.439506
1 0.461806 0.130864 0.059722 0.14321
1 0.506944 0.180247 0.111111 0.133333
1 0.545833 0.065432 0.113889 0.130864
2 0.534028 0.288889 0.1375 0.118519
1 0.625694 0.165432 0.118056 0.202469
1 0.574306 0.496296 0.206944 0.320988
1 0.641667 0.722222 0.25 0.42716
1 0.786111 0.279012 0.213889 0.167901
0 0.793056 0.628395 0.244444 0.654321
2 0.861806 0.469136 0.1125 0.25679
1 0.838194 0.071605 0.159722 0.14321
0 0.910417 0.104938 0.1375 0.209877
2 0.960417 0.119753 0.076389 0.224691
1 0.959722 0.438272 0.077778 0.362963
