0 0.854167 0.033333 0.15 0.066667
1 0.034722 0.160494 0.066667 0.108642
0 0.086111 0.082716 0.080556 0.145679
1 0.148611 0.074074 0.105556 0.128395
1 0.081944 0.220988 0.122222 0.135802
2 0.179167 0.12963 0.102778 0.08642
2 0.151389 0.341975 0.136111 0.190123
0 0.041667 0.425926 0.077778 0.269136
1 0.273611 0.077778 0.094444 0.155556
2 0.359028 0.082716 0.101389 0.106173
1 0.4375 0.118519 0.122222 0.207407
1 0.696528 0.123457 0.181944 0.241975
1 0.5 0.251852 0.15 0.212346
0 0.568056 0.120988 0.138889 0.22716
0 0.618056 0.340741 0.225 0.25679
2 0.582639 0.45679 0.195833 0.301235
2 0.628472 0.795062 0.281944 0.404938
0 0.843056 0.419753 0.175 0.518519
0 0.820139 0.783951 0.218056 0.407407
1 0.915278 0.364198 0.166667 0.397531
1 0.763889 0.901235 0.322222 0.192593
