1 0.425 0.12716 0.088889 0.120988
2 0.847222 0.275309 0.144444 0.195062
2 0.945139 0.430864 0.106944 0.219753
2 0.814583 0.462963 0.148611 0.155556
2 0.743056 0.345679 0.075 0.133333
1 0.705556 0.081481 0.094444 0.14321
1 0.774306 0.112346 0.109722 0.165432
1 0.713889 0.225926 0.086111 0.091358
1 0.604861 0.211111 0.093056 0.106173
1 0.567361 0.114815 0.081944 0.135802
1 0.49375 0.207407 0.106944 0.148148
1 0.678472 0.419753 0.1875 0.296296
1 0.622917 0.617284 0.173611 0.276543
1 0.345139 0.250617 0.084722 0.111111
1 0.207639 0.22963 0.076389 0.093827
1 0.235417 0.328395 0.0875 0.148148
2 0.054167 0.377778 0.108333 0.123457
2 0.24375 0.255556 0.081944 0.071605
2 0.413889 0.212346 0.075 0.11358
2 0.39375 0.353086 0.093056 0.167901
1 0.331944 0.408642 0.097222 0.190123
1 0.179861 0.461728 0.120833 0.14321
1 0.226389 0.730864 0.163889 0.276543
1 0.220833 0.898765 0.166667 0.197531
0 0.520139 0.287654 0.115278 0.160494
0 0.467361 0.402469 0.070833 0.158025
0 0.267361 0.418519 0.073611 0.190123
0 0.209028 0.57284 0.065278 0.177778
0 0.295833 0.611111 0.105556 0.125926
2 0.118056 0.628395 0.113889 0.204938
2 0.039583 0.835802 0.079167 0.185185
2 0.410417 0.746914 0.131944 0.209877
0 0.326389 0.848148 0.105556 0.298765
0 0.463194 0.61358 0.1875 0.135802
0 0.750694 0.660494 0.201389 0.338272
0 0.907639 0.633333 0.176389 0.269136
0 0.488889 0.837037 0.130556 0.320988
0 0.8 0.9 0.330556 0.195062
0 0.583333 0.880247 0.105556 0.234568
