0 0.494444 0.871605 0.063889 0.167901
2 0.51875 0.74321 0.065278 0.093827
2 0.763889 0.866667 0.041667 0.088889
1 0.791667 0.904938 0.066667 0.130864
1 0.555556 0.924691 0.077778 0.135802
0 0.590972 0.766667 0.084722 0.165432
2 0.957639 0.624691 0.076389 0.133333
1 0.954861 0.538272 0.068056 0.108642
2 0.959028 0.464198 0.054167 0.074074
1 0.970833 0.419753 0.055556 0.069136
1 0.794444 0.632099 0.069444 0.11358
3 0.747917 0.698765 0.098611 0.148148
2 0.864583 0.606173 0.073611 0.096296
2 0.836111 0.493827 0.055556 0.074074
2 0.904861 0.371605 0.056944 0.051852
2 0.920833 0.437037 0.05 0.079012
2 0.759028 0.467901 0.051389 0.08642
2 0.777778 0.422222 0.036111 0.079012
2 0.7125 0.634568 0.063889 0.103704
2 0.693056 0.548148 0.061111 0.103704
2 0.530556 0.582716 0.058333 0.088889
2 0.577083 0.541975 0.070833 0.111111
2 0.644444 0.495062 0.047222 0.076543
2 0.675694 0.474074 0.045833 0.064198
2 0.689583 0.424691 0.054167 0.044444
1 0.743056 0.402469 0.041667 0.069136
1 0.699306 0.380247 0.048611 0.074074
1 0.819444 0.393827 0.052778 0.091358
1 0.815278 0.31358 0.047222 0.069136
1 0.78125 0.34321 0.051389 0.083951
1 0.75 0.332099 0.047222 0.081481
1 0.678472 0.72716 0.073611 0.130864
1 0.643056 0.667901 0.061111 0.106173
1 0.582639 0.693827 0.051389 0.083951
1 0.485417 0.693827 0.059722 0.098765
1 0.419444 0.702469 0.055556 0.101235
0 0.429167 0.75679 0.075 0.135802
2 0.3625 0.767901 0.066667 0.103704
2 0.628472 0.28642 0.043056 0.064198
2 0.579861 0.3 0.040278 0.071605
2 0.545833 0.423457 0.047222 0.076543
2 0.461806 0.466667 0.054167 0.079012
2 0.425 0.583951 0.061111 0.076543
2 0.38125 0.62716 0.0625 0.103704
2 0.34375 0.524691 0.0625 0.101235
0 0.313889 0.651852 0.088889 0.11358
0 0.252778 0.72963 0.041667 0.140741
0 0.204167 0.962963 0.077778 0.069136
1 0.239583 0.906173 0.084722 0.11358
2 0.1875 0.782716 0.069444 0.069136
2 0.209028 0.850617 0.079167 0.101235
