2 0.288194 0.238272 0.126389 0.08642
1 0.340972 0.298765 0.090278 0.123457
0 0.222222 0.424691 0.219444 0.281481
0 0.272222 0.491358 0.130556 0.251852
0 0.356944 0.465432 0.125 0.274074
0 0.3875 0.144444 0.077778 0.155556
0 0.4875 0.081481 0.138889 0.103704
2 0.594444 0.065432 0.097222 0.101235
2 0.558333 0.21358 0.119444 0.160494
1 0.6875 0.114815 0.102778 0.120988
2 0.688194 0.033333 0.101389 0.066667
0 0.620139 0.158025 0.065278 0.118519
0 0.684028 0.201235 0.140278 0.165432
2 0.55 0.52963 0.180556 0.219753
1 0.819444 0.133333 0.125 0.158025
2 0.90625 0.046914 0.120833 0.093827
2 0.890972 0.222222 0.154167 0.123457
0 0.78125 0.350617 0.101389 0.133333
0 0.880556 0.366667 0.202778 0.318519
0 0.103472 0.646914 0.101389 0.266667
0 0.131944 0.82963 0.227778 0.335802
1 0.973611 0.509877 0.05 0.264198
2 0.277778 0.149383 0.094444 0.091358
