3 0.584722 0.334568 0.3 0.520988
1 0.504167 0.134568 0.144444 0.195062
1 0.421528 0.102469 0.109722 0.120988
1 0.416667 0.298765 0.116667 0.246914
1 0.814583 0.432099 0.248611 0.360494
0 0.329167 0.212346 0.194444 0.17284
0 0.213194 0.140741 0.1125 0.133333
2 0.090972 0.146914 0.098611 0.096296
2 0.344444 0.07284 0.116667 0.091358
2 0.772917 0.103704 0.173611 0.192593
2 0.677083 0.216049 0.118056 0.116049
0 0.579861 0.465432 0.273611 0.145679
2 0.948611 0.737037 0.1 0.407407
2 0.267361 0.787654 0.173611 0.330864
1 0.190278 0.72963 0.258333 0.377778
1 0.160417 0.276543 0.134722 0.217284
