1 0.253472 0.097531 0.1375 0.195062
0 0.436111 0.092593 0.319444 0.185185
0 0.316667 0.237037 0.236111 0.158025
0 0.119444 0.071605 0.2 0.14321
0 0.120139 0.250617 0.151389 0.328395
0 0.034722 0.225926 0.069444 0.244444
1 0.503472 0.258025 0.181944 0.264198
1 0.732639 0.14321 0.176389 0.25679
0 0.922917 0.058025 0.151389 0.116049
0 0.896528 0.218519 0.204167 0.244444
2 0.947917 0.346914 0.101389 0.279012
1 0.508333 0.746914 0.308333 0.496296
0 0.80625 0.667901 0.243056 0.654321
0 0.675 0.275309 0.177778 0.195062
0 0.576389 0.504938 0.280556 0.37284
0 0.296528 0.448148 0.168056 0.269136
0 0.314583 0.811111 0.131944 0.37284
