3 0.379861 0.251852 0.090278 0.098765
0 0.334028 0.330864 0.076389 0.158025
0 0.239583 0.518519 0.093056 0.291358
0 0.4 0.42716 0.213889 0.17284
2 0.116667 0.42716 0.127778 0.098765
2 0.10625 0.537037 0.145833 0.135802
2 0.068056 0.771605 0.136111 0.274074
1 0.076389 0.920988 0.152778 0.153086
2 0.511111 0.224691 0.116667 0.128395
2 0.521528 0.32963 0.115278 0.111111
2 0.547917 0.458025 0.143056 0.185185
2 0.675 0.396296 0.144444 0.17037
2 0.638194 0.066667 0.065278 0.103704
2 0.711806 0.05679 0.076389 0.083951
2 0.788194 0.22716 0.1125 0.133333
0 0.859722 0.234568 0.005556 0.0
0 0.814583 0.140741 0.115278 0.083951
2 0.981944 0.197531 0.033333 0.118519
2 0.854861 0.058025 0.090278 0.101235
0 0.61875 0.75679 0.298611 0.377778
1 0.644444 0.646914 0.172222 0.25679
2 0.420833 0.840741 0.183333 0.31358
2 0.827083 0.518519 0.179167 0.22716
2 0.972222 0.511111 0.052778 0.207407
1 0.880556 0.804938 0.230556 0.385185
