1 0.292361 0.22963 0.145833 0.25679
1 0.259028 0.118519 0.159722 0.177778
1 0.404861 0.098765 0.093056 0.162963
1 0.070139 0.244444 0.140278 0.202469
0 0.183333 0.067901 0.125 0.106173
2 0.070139 0.067901 0.090278 0.111111
2 0.173611 0.323457 0.158333 0.17284
2 0.0625 0.449383 0.125 0.241975
2 0.229167 0.553086 0.161111 0.212346
2 0.079861 0.751852 0.159722 0.283951
2 0.077083 0.941975 0.154167 0.111111
1 0.697222 0.260494 0.161111 0.224691
2 0.545833 0.185185 0.116667 0.093827
2 0.542361 0.325926 0.148611 0.207407
2 0.429167 0.417284 0.138889 0.167901
2 0.604861 0.438272 0.118056 0.219753
2 0.816667 0.292593 0.119444 0.160494
2 0.947222 0.037037 0.102778 0.074074
2 0.886111 0.11358 0.136111 0.123457
2 0.927778 0.8 0.138889 0.395062
0 0.775 0.511111 0.272222 0.340741
1 0.779167 0.779012 0.297222 0.437037
1 0.568056 0.65679 0.205556 0.479012
1 0.434722 0.861728 0.336111 0.271605
