2 0.781944 0.145679 0.052778 0.079012
2 0.827083 0.12963 0.0625 0.071605
2 0.847917 0.091358 0.0625 0.049383
1 0.858333 0.049383 0.058333 0.074074
1 0.931944 0.023457 0.072222 0.046914
1 0.910417 0.090123 0.070833 0.091358
1 0.981944 0.080247 0.033333 0.120988
2 0.921528 0.151852 0.065278 0.101235
2 0.838194 0.214815 0.070833 0.11358
2 0.858333 0.297531 0.075 0.08642
2 0.726389 0.112346 0.066667 0.08642
2 0.718056 0.167901 0.061111 0.11358
2 0.659722 0.193827 0.066667 0.106173
2 0.581944 0.066667 0.063889 0.088889
2 0.445833 0.087654 0.055556 0.08642
2 0.5375 0.169136 0.075 0.076543
2 0.488889 0.202469 0.063889 0.088889
1 0.783333 0.311111 0.061111 0.108642
1 0.811806 0.375309 0.079167 0.133333
1 0.707639 0.323457 0.0625 0.088889
0 0.709028 0.393827 0.1125 0.155556
0 0.652778 0.424691 0.125 0.148148
2 0.633333 0.34321 0.075 0.079012
1 0.604861 0.291358 0.068056 0.098765
1 0.536111 0.276543 0.058333 0.098765
0 0.559028 0.334568 0.040278 0.140741
0 0.495833 0.298765 0.047222 0.108642
2 0.466667 0.34321 0.072222 0.103704
0 0.422222 0.209877 0.097222 0.083951
0 0.366667 0.241975 0.066667 0.108642
2 0.297222 0.17284 0.063889 0.083951
2 0.233333 0.314815 0.063889 0.091358
1 0.334028 0.428395 0.070833 0.111111
2 0.299306 0.358025 0.073611 0.088889
2 0.264583 0.448148 0.0875 0.101235
2 0.473611 0.558025 0.086111 0.118519
0 0.330556 0.507407 0.077778 0.081481
0 0.270833 0.506173 0.083333 0.11358
0 0.374306 0.502469 0.056944 0.185185
0 0.248611 0.640741 0.083333 0.165432
0 0.297917 0.758025 0.081944 0.246914
1 0.672917 0.532099 0.084722 0.140741
3 0.899306 0.382716 0.101389 0.153086
1 0.958333 0.337037 0.080556 0.130864
1 0.94375 0.592593 0.098611 0.158025
2 0.90625 0.560494 0.070833 0.148148
2 0.613889 0.781481 0.113889 0.180247
