1 0.167361 0.4 0.145833 0.237037
1 0.079861 0.592593 0.159722 0.340741
3 0.56875 0.377778 0.323611 0.395062
2 0.507639 0.074074 0.115278 0.148148
2 0.434722 0.074074 0.075 0.103704
2 0.697917 0.101235 0.134722 0.202469
2 0.836806 0.045679 0.145833 0.091358
2 0.401389 0.220988 0.163889 0.185185
2 0.283333 0.433333 0.147222 0.214815
2 0.859028 0.298765 0.229167 0.237037
2 0.658333 0.453086 0.15 0.224691
2 0.591667 0.78642 0.277778 0.422222
1 0.377778 0.603704 0.233333 0.358025
0 0.204861 0.822222 0.201389 0.350617
0 0.833333 0.819753 0.319444 0.355556
