1 0.522222 0.07037 0.113889 0.135802
1 0.286806 0.3 0.143056 0.185185
1 0.113889 0.592593 0.225 0.320988
1 0.036111 0.254321 0.072222 0.197531
2 0.115278 0.292593 0.125 0.17037
2 0.273611 0.491358 0.147222 0.197531
2 0.136111 0.771605 0.213889 0.288889
2 0.420139 0.334568 0.134722 0.180247
2 0.461111 0.196296 0.133333 0.145679
2 0.515278 0.476543 0.244444 0.197531
2 0.627083 0.348148 0.168056 0.237037
2 0.622917 0.149383 0.134722 0.175309
2 0.713194 0.090123 0.101389 0.106173
2 0.913889 0.067901 0.169444 0.135802
1 0.832639 0.146914 0.198611 0.204938
1 0.797222 0.377778 0.230556 0.350617
1 0.461111 0.650617 0.188889 0.298765
1 0.313889 0.793827 0.247222 0.407407
1 0.91875 0.740741 0.159722 0.51358
2 0.869444 0.875309 0.080556 0.244444
