0 0.732639 0.050617 0.090278 0.101235
0 0.926389 0.204938 0.144444 0.380247
2 0.794444 0.145679 0.177778 0.212346
1 0.658333 0.333333 0.25 0.390123
0 0.7625 0.322222 0.183333 0.466667
1 0.559722 0.179012 0.205556 0.34321
0 0.4625 0.225926 0.1 0.279012
0 0.40625 0.095062 0.076389 0.190123
1 0.3 0.034568 0.097222 0.069136
2 0.313889 0.141975 0.136111 0.195062
0 0.355556 0.402469 0.138889 0.25679
2 0.256944 0.350617 0.152778 0.222222
1 0.178472 0.553086 0.270833 0.498765
1 0.049306 0.560494 0.098611 0.444444
2 0.134722 0.807407 0.211111 0.296296
0 0.332639 0.717284 0.2125 0.358025
0 0.694444 0.774074 0.511111 0.437037
0 0.71875 0.767901 0.559722 0.459259
0 0.213889 0.940741 0.333333 0.11358
