1 0.191667 0.437037 0.169444 0.232099
1 0.559028 0.04321 0.070833 0.08642
0 0.45625 0.092593 0.109722 0.096296
0 0.342361 0.193827 0.145833 0.224691
0 0.361111 0.262963 0.144444 0.209877
0 0.570833 0.188889 0.133333 0.17037
0 0.588889 0.103704 0.066667 0.123457
0 0.51875 0.246914 0.154167 0.093827
0 0.513194 0.309877 0.168056 0.180247
1 0.439583 0.437037 0.168056 0.222222
1 0.75 0.28642 0.183333 0.25679
1 0.847222 0.397531 0.138889 0.212346
1 0.796528 0.532099 0.184722 0.288889
0 0.700694 0.082716 0.115278 0.120988
2 0.870833 0.133333 0.113889 0.103704
0 0.796528 0.097531 0.140278 0.195062
2 0.944444 0.064198 0.108333 0.128395
1 0.972222 0.166667 0.052778 0.190123
0 0.954167 0.446914 0.088889 0.217284
0 0.320833 0.569136 0.269444 0.204938
0 0.363889 0.723457 0.333333 0.222222
0 0.150694 0.555556 0.115278 0.192593
0 0.091667 0.619753 0.097222 0.271605
0 0.031944 0.674074 0.063889 0.222222
0 0.03125 0.85679 0.0625 0.182716
0 0.061111 0.950617 0.122222 0.093827
0 0.456944 0.948148 0.122222 0.098765
