2 0.054861 0.066667 0.098611 0.103704
2 0.150694 0.045679 0.076389 0.091358
1 0.440278 0.069136 0.086111 0.133333
1 0.305556 0.082716 0.086111 0.135802
1 0.370139 0.17037 0.115278 0.182716
2 0.358333 0.408642 0.113889 0.155556
2 0.263889 0.545679 0.125 0.182716
1 0.161806 0.188889 0.109722 0.150617
1 0.219444 0.228395 0.083333 0.111111
2 0.288194 0.259259 0.104167 0.123457
2 0.220833 0.346914 0.091667 0.180247
2 0.130556 0.302469 0.122222 0.111111
2 0.046528 0.290123 0.093056 0.096296
2 0.047222 0.404938 0.094444 0.177778
2 0.029167 0.546914 0.058333 0.130864
2 0.047917 0.706173 0.095833 0.28642
2 0.286806 0.740741 0.1625 0.271605
2 0.490972 0.308642 0.101389 0.153086
2 0.55 0.138272 0.119444 0.093827
2 0.566667 0.241975 0.102778 0.158025
2 0.621528 0.317284 0.090278 0.145679
1 0.676389 0.204938 0.116667 0.17284
1 0.59375 0.455556 0.1125 0.269136
1 0.541667 0.581481 0.172222 0.195062
1 0.719444 0.537037 0.15 0.239506
0 0.425 0.760494 0.125 0.419753
2 0.551389 0.777778 0.191667 0.355556
2 0.756944 0.219753 0.094444 0.138272
0 0.721528 0.362963 0.165278 0.212346
2 0.865972 0.541975 0.184722 0.259259
1 0.919444 0.069136 0.119444 0.138272
2 0.821528 0.064198 0.095833 0.093827
2 0.952778 0.160494 0.091667 0.158025
