1 0.840278 0.355556 0.133333 0.192593
0 0.898611 0.180247 0.130556 0.182716
0 0.9375 0.255556 0.122222 0.140741
0 0.454861 0.818519 0.095833 0.358025
0 0.540972 0.748148 0.165278 0.276543
0 0.54375 0.858025 0.181944 0.279012
0 0.681944 0.87037 0.158333 0.204938
0 0.814583 0.855556 0.209722 0.244444
0 0.859028 0.755556 0.248611 0.271605
0 0.952778 0.593827 0.091667 0.165432
0 0.916667 0.485185 0.163889 0.165432
0 0.677778 0.682716 0.186111 0.2
0 0.614583 0.582716 0.118056 0.232099
0 0.60625 0.525926 0.134722 0.212346
0 0.697222 0.51358 0.091667 0.207407
0 0.756944 0.488889 0.097222 0.207407
0 0.827778 0.455556 0.1 0.120988
0 0.588889 0.358025 0.133333 0.11358
