2 0.78151 0.814352 0.045312 0.060185
2 0.432031 0.316667 0.031771 0.057407
1 0.439323 0.931944 0.090104 0.134259
1 0.551302 0.906944 0.049479 0.089815
1 0.675781 0.700463 0.054688 0.093519
1 0.241667 0.964352 0.0625 0.069444
1 0.26276 0.860185 0.050521 0.083333
1 0.246094 0.759259 0.050521 0.074074
1 0.302083 0.628241 0.045833 0.075
1 0.147396 0.821296 0.048958 0.074074
1 0.052083 0.502778 0.059375 0.075926
1 0.242708 0.297222 0.034375 0.051852
1 0.259896 0.210185 0.032292 0.046296
1 0.284115 0.141204 0.026562 0.036111
1 0.530208 0.053241 0.035417 0.056481
1 0.066146 0.355093 0.033333 0.041667
3 0.115625 0.45 0.058333 0.105556
