0 0.605729 0.18287 0.058333 0.062037
3 0.477344 0.515741 0.061979 0.112963
1 0.09375 0.777778 0.023958 0.051852
1 0.488542 0.219444 0.026042 0.031481
1 0.511979 0.196759 0.028125 0.037963
1 0.490885 0.277778 0.029687 0.037037
1 0.395573 0.364352 0.027604 0.052778
1 0.521094 0.327778 0.025521 0.046296
1 0.57526 0.143981 0.026562 0.037963
1 0.641406 0.244907 0.034896 0.041667
1 0.680729 0.268519 0.039583 0.061111
1 0.729688 0.265741 0.033333 0.042593
1 0.453646 0.480556 0.035417 0.059259
1 0.264323 0.616667 0.025521 0.05
1 0.259375 0.680093 0.03125 0.041667
1 0.207812 0.774537 0.023958 0.04537
1 0.395052 0.660648 0.029687 0.047222
1 0.253906 0.903241 0.046354 0.075
1 0.309635 0.951852 0.039062 0.059259
1 0.346094 0.923148 0.031771 0.061111
1 0.402344 0.884259 0.035937 0.061111
1 0.58099 0.563889 0.030729 0.048148
