1 0.270139 0.577778 0.068056 0.11358
1 0.377778 0.914815 0.063889 0.116049
3 0.154861 0.559259 0.084722 0.120988
3 0.070833 0.787654 0.111111 0.138272
3 0.286111 0.7 0.077778 0.111111
1 0.301389 0.044444 0.041667 0.059259
1 0.348611 0.098765 0.044444 0.079012
1 0.284028 0.195062 0.059722 0.093827
2 0.620139 0.977778 0.040278 0.039506
2 0.729167 0.632099 0.036111 0.069136
2 0.415278 0.612346 0.036111 0.079012
2 0.35 0.438272 0.027778 0.032099
2 0.413194 0.474074 0.020833 0.02963
2 0.613889 0.361728 0.027778 0.046914
2 0.520833 0.060494 0.033333 0.041975
1 0.175 0.893827 0.069444 0.167901
