3 0.409896 0.337037 0.057292 0.081481
0 0.700781 0.823148 0.100521 0.15
1 0.640625 0.63287 0.023958 0.041667
1 0.560156 0.371759 0.028646 0.037963
1 0.488542 0.262963 0.021875 0.044444
1 0.26276 0.109259 0.029687 0.038889
1 0.321875 0.134722 0.027083 0.041667
1 0.296875 0.140741 0.022917 0.059259
1 0.457552 0.346759 0.031771 0.058333
1 0.132292 0.365741 0.035417 0.053704
1 0.197396 0.285648 0.042708 0.060185
1 0.256771 0.272222 0.034375 0.053704
1 0.402344 0.540278 0.040104 0.060185
1 0.326042 0.931481 0.045833 0.075926
