3 0.961458 0.485185 0.076042 0.083333
1 0.726302 0.2625 0.024479 0.036111
1 0.751302 0.254167 0.025521 0.037963
1 0.938802 0.270833 0.034896 0.041667
1 0.590885 0.394907 0.022396 0.030556
1 0.596354 0.337037 0.028125 0.038889
1 0.534635 0.385185 0.025521 0.035185
1 0.230469 0.731481 0.022396 0.037037
1 0.433854 0.539815 0.025 0.046296
1 0.523958 0.603241 0.040625 0.047222
1 0.595573 0.686574 0.038021 0.065741
1 0.744531 0.494444 0.036979 0.05
1 0.93776 0.57037 0.045312 0.077778
0 0.934115 0.65463 0.130729 0.1
0 0.698438 0.891204 0.098958 0.108333
1 0.639323 0.824074 0.034896 0.068519
1 0.372396 0.976389 0.05 0.04537
