1 0.75599 0.675463 0.031771 0.052778
1 0.263542 0.349537 0.040625 0.075
1 0.483594 0.781944 0.056771 0.075
1 0.534896 0.677315 0.025 0.052778
1 0.53776 0.731944 0.032813 0.052778
1 0.597656 0.718519 0.031771 0.055556
1 0.657552 0.774074 0.030729 0.066667
1 0.639323 0.809259 0.045312 0.061111
1 0.863802 0.901389 0.046354 0.071296
1 0.722396 0.933333 0.052083 0.092593
1 0.164583 0.843519 0.061458 0.07037
3 0.82474 0.970833 0.073438 0.056481
0 0.061458 0.893519 0.122917 0.211111
0 0.627344 0.526389 0.066146 0.091667
