3 0.401302 0.478704 0.044271 0.044444
3 0.477083 0.809259 0.066667 0.111111
1 0.500781 0.079167 0.021354 0.030556
1 0.595052 0.095833 0.018229 0.036111
1 0.568229 0.144444 0.025 0.038889
1 0.464323 0.11713 0.020313 0.050926
1 0.34974 0.287963 0.028646 0.048148
1 0.36875 0.340741 0.033333 0.05
1 0.298438 0.64537 0.030208 0.038889
1 0.35026 0.560648 0.029687 0.04537
1 0.739583 0.419907 0.034375 0.05463
1 0.892969 0.497222 0.035937 0.061111
1 0.770052 0.555093 0.046354 0.058333
1 0.682552 0.661111 0.051562 0.066667
1 0.28724 0.906944 0.051562 0.09537
