2 0.207031 0.891667 0.042188 0.046296
2 0.211719 0.6125 0.032813 0.050926
0 0.805208 0.665278 0.094792 0.228704
0 0.546094 0.74213 0.115104 0.126852
1 0.360417 0.521759 0.0375 0.047222
1 0.347135 0.562963 0.026562 0.053704
1 0.341667 0.630093 0.028125 0.058333
1 0.538802 0.361574 0.046354 0.067593
1 0.528125 0.24537 0.027083 0.055556
1 0.518229 0.193056 0.027083 0.032407
1 0.51849 0.162037 0.020313 0.033333
1 0.594792 0.158796 0.019792 0.036111
1 0.584115 0.118519 0.017188 0.033333
1 0.569271 0.097222 0.022917 0.024074
1 0.784375 0.122685 0.020833 0.030556
1 0.740365 0.129167 0.024479 0.039815
1 0.784635 0.07963 0.019271 0.037037
1 0.761198 0.070833 0.021354 0.026852
1 0.742448 0.092593 0.019271 0.022222
0 0.684115 0.112037 0.056771 0.040741
