1 0.495833 0.573611 0.047917 0.071296
1 0.559635 0.416667 0.042188 0.057407
1 0.552344 0.459722 0.044271 0.056481
1 0.59974 0.438889 0.059896 0.081481
1 0.632812 0.481481 0.0625 0.103704
1 0.727604 0.498611 0.045833 0.049074
1 0.625 0.651389 0.094792 0.130556
1 0.516927 0.717593 0.053646 0.061111
1 0.423437 0.914352 0.067708 0.134259
1 0.309115 0.550926 0.050521 0.053704
3 0.482812 0.471296 0.070833 0.066667
3 0.563281 0.532407 0.093229 0.109259
3 0.519271 0.633796 0.073958 0.099074
3 0.59349 0.605093 0.078646 0.10463
3 0.660937 0.571296 0.069792 0.062963
3 0.564323 0.778241 0.108854 0.123148
3 0.419531 0.825926 0.072396 0.07963
3 0.498437 0.896759 0.097917 0.199074
