3 0.365972 0.67284 0.0875 0.185185
2 0.261111 0.504938 0.025 0.032099
1 0.792361 0.683951 0.065278 0.11358
1 0.649306 0.588889 0.059722 0.106173
1 0.816667 0.32716 0.05 0.116049
1 0.620833 0.819753 0.066667 0.11358
1 0.525694 0.748148 0.070833 0.128395
1 0.451389 0.918519 0.077778 0.108642
1 0.297222 0.358025 0.058333 0.108642
1 0.061111 0.318519 0.072222 0.098765
1 0.177778 0.260494 0.077778 0.08642
1 0.076389 0.128395 0.055556 0.088889
1 0.152083 0.133333 0.070833 0.108642
3 0.627778 0.4 0.113889 0.153086
3 0.506944 0.418519 0.066667 0.155556
