1 0.063021 0.209259 0.03125 0.048148
1 0.723958 0.810648 0.090625 0.163889
1 0.963021 0.508796 0.06875 0.093519
1 0.796615 0.033796 0.044271 0.067593
1 0.750521 0.126852 0.033333 0.046296
1 0.695833 0.148148 0.038542 0.053704
1 0.570573 0.278241 0.044271 0.056481
1 0.598177 0.210648 0.052604 0.09537
1 0.560677 0.157407 0.035937 0.05
1 0.466406 0.439815 0.048438 0.088889
1 0.085417 0.478241 0.060417 0.062037
1 0.245573 0.147222 0.031771 0.044444
1 0.279427 0.068519 0.034896 0.051852
0 0.721094 0.605093 0.155729 0.258333
3 0.149479 0.09537 0.040625 0.062963
3 0.524479 0.242593 0.06875 0.092593
3 0.853646 0.618981 0.114583 0.186111
