1 0.683594 0.318056 0.029687 0.039815
1 0.81849 0.583333 0.024479 0.048148
1 0.555469 0.201389 0.022396 0.047222
2 0.460677 0.575 0.018229 0.037037
2 0.023177 0.597222 0.046354 0.072222
1 0.1375 0.855556 0.125 0.181481
1 0.089323 0.412037 0.079687 0.088889
1 0.063281 0.489815 0.047396 0.088889
1 0.553385 0.497222 0.045312 0.077778
1 0.696094 0.622222 0.028646 0.053704
1 0.673177 0.574074 0.036979 0.068519
1 0.450521 0.299537 0.026042 0.039815
1 0.143229 0.244444 0.048958 0.07037
1 0.014844 0.16713 0.029687 0.065741
0 0.372135 0.543981 0.116146 0.167593
0 0.490104 0.966204 0.088542 0.065741
