3 0.21875 0.099074 0.058333 0.055556
0 0.808333 0.964815 0.101042 0.068519
0 0.222135 0.964352 0.154688 0.069444
0 0.555469 0.302778 0.088021 0.087037
1 0.375521 0.300463 0.03125 0.039815
1 0.397656 0.118056 0.032813 0.067593
1 0.642708 0.156019 0.034375 0.049074
3 0.725521 0.160648 0.059375 0.075
3 0.972396 0.852315 0.054167 0.137963
3 0.241406 0.578704 0.072396 0.101852
1 0.279948 0.296759 0.047396 0.087963
1 0.704688 0.252778 0.044792 0.064815
1 0.632031 0.527315 0.051562 0.091667
1 0.479948 0.683333 0.052604 0.083333
1 0.309115 0.792593 0.048438 0.083333
1 0.265885 0.875926 0.055729 0.075926
1 0.346354 0.865278 0.054167 0.093519
1 0.554688 0.880093 0.048958 0.086111
