0 0.811719 0.618056 0.081771 0.052778
0 0.710938 0.6375 0.071875 0.084259
1 0.395573 0.439352 0.023438 0.030556
1 0.689583 0.455093 0.030208 0.034259
1 0.604688 0.590278 0.028125 0.034259
1 0.610417 0.620833 0.027083 0.039815
1 0.5625 0.586111 0.028125 0.05
1 0.444792 0.734259 0.026042 0.05
1 0.346094 0.906481 0.046354 0.053704
0 0.777604 0.556019 0.065625 0.071296
0 0.714323 0.85787 0.107812 0.062037
0 0.45625 0.694444 0.064583 0.051852
0 0.295312 0.864352 0.059375 0.167593
3 0.504687 0.560185 0.042708 0.051852
3 0.192188 0.724074 0.085417 0.088889
3 0.822917 0.790741 0.077083 0.072222
