3 0.03724 0.92037 0.074479 0.125926
1 0.735938 0.76713 0.023958 0.030556
1 0.814583 0.82963 0.029167 0.051852
1 0.473177 0.346759 0.022396 0.039815
1 0.477604 0.407407 0.021875 0.051852
1 0.418229 0.523148 0.030208 0.044444
1 0.376823 0.551389 0.032813 0.069444
1 0.301563 0.577778 0.027083 0.042593
1 0.297917 0.625 0.03125 0.040741
1 0.088542 0.341667 0.023958 0.042593
1 0.13099 0.465741 0.048438 0.057407
1 0.058073 0.786574 0.046354 0.056481
1 0.253385 0.782407 0.050521 0.074074
3 0.528385 0.965741 0.051562 0.066667
3 0.158854 0.687963 0.052083 0.074074
3 0.220573 0.682407 0.061979 0.081481
