1 0.303646 0.716667 0.03125 0.046296
1 0.13125 0.617593 0.025 0.037037
1 0.214323 0.619444 0.032813 0.042593
1 0.367969 0.512963 0.024479 0.02963
1 0.885937 0.175926 0.027083 0.040741
1 0.551562 0.402778 0.028125 0.035185
1 0.627083 0.408333 0.041667 0.061111
1 0.780469 0.608333 0.040104 0.055556
1 0.204427 0.9625 0.053646 0.073148
1 0.10625 0.904167 0.0375 0.058333
1 0.342708 0.939815 0.033333 0.055556
0 0.338802 0.731944 0.057812 0.069444
3 0.475 0.4625 0.041667 0.049074
3 0.976302 0.755556 0.046354 0.111111
3 0.753385 0.700463 0.095312 0.113889
