2 0.326042 0.723611 0.035417 0.089815
1 0.779427 0.666667 0.039062 0.068519
1 0.861198 0.615278 0.031771 0.065741
1 0.917448 0.580093 0.030729 0.043519
1 0.598698 0.546296 0.042188 0.075926
1 0.546615 0.50787 0.040104 0.067593
1 0.528906 0.365278 0.049479 0.087963
1 0.55 0.287037 0.032292 0.066667
1 0.513021 0.20787 0.0375 0.065741
1 0.585677 0.260185 0.022396 0.062963
1 0.716406 0.973611 0.059896 0.050926
3 0.492969 0.872222 0.091146 0.185185
3 0.95625 0.693056 0.086458 0.269444
3 0.290625 0.085648 0.045833 0.056481
