3 0.340972 0.461728 0.109722 0.17284
2 0.539583 0.854321 0.034722 0.079012
1 0.893056 0.877778 0.108333 0.155556
1 0.854861 0.67037 0.0875 0.125926
1 0.759028 0.402469 0.070833 0.128395
1 0.621528 0.333333 0.068056 0.108642
1 0.595833 0.551852 0.077778 0.111111
1 0.497917 0.519753 0.068056 0.135802
1 0.459028 0.690123 0.051389 0.111111
1 0.369444 0.932099 0.080556 0.111111
1 0.246528 0.167901 0.059722 0.098765
1 0.76875 0.058025 0.065278 0.081481
1 0.110417 0.095062 0.073611 0.125926
1 0.027083 0.190123 0.0375 0.123457
3 0.686111 0.920988 0.083333 0.153086
