1 0.828646 0.93287 0.052083 0.071296
1 0.728646 0.968981 0.04375 0.060185
1 0.975521 0.787037 0.04375 0.057407
1 0.934896 0.69537 0.039583 0.053704
1 0.929948 0.65463 0.045312 0.055556
1 0.870833 0.706019 0.048958 0.04537
1 0.558594 0.80463 0.038021 0.057407
1 0.48125 0.8875 0.030208 0.056481
1 0.326302 0.872685 0.067187 0.093519
1 0.467187 0.764815 0.045833 0.064815
1 0.135937 0.744907 0.041667 0.043519
1 0.39974 0.635185 0.024479 0.046296
1 0.48099 0.6125 0.036979 0.034259
1 0.530729 0.559722 0.033333 0.039815
1 0.616146 0.529167 0.023958 0.037963
1 0.63151 0.552315 0.025521 0.032407
1 0.682031 0.623148 0.024479 0.040741
1 0.66849 0.512963 0.036979 0.05
1 0.438802 0.501852 0.022396 0.035185
1 0.403125 0.447685 0.038542 0.050926
1 0.346094 0.428241 0.028646 0.037963
1 0.30625 0.431019 0.026042 0.028704
1 0.266406 0.515278 0.022396 0.032407
1 0.238281 0.423148 0.029687 0.035185
1 0.2625 0.394444 0.022917 0.035185
1 0.195312 0.496296 0.027083 0.040741
1 0.114062 0.508333 0.033333 0.037037
1 0.118229 0.475 0.027083 0.037037
0 0.564063 0.5875 0.070833 0.043519
0 0.584896 0.921759 0.11875 0.108333
3 0.238021 0.640741 0.060417 0.077778
3 0.651302 0.681944 0.063021 0.065741
3 0.76276 0.652315 0.047396 0.056481
3 0.332552 0.368519 0.041146 0.046296
3 0.063802 0.810185 0.049479 0.068519
