3 0.466406 0.153241 0.052604 0.078704
0 0.64974 0.235648 0.085938 0.084259
1 0.148698 0.69537 0.048438 0.068519
1 0.265104 0.481481 0.034375 0.055556
1 0.294531 0.551852 0.036979 0.062963
1 0.548438 0.177778 0.041667 0.057407
1 0.75599 0.078704 0.031771 0.053704
1 0.901823 0.098611 0.040104 0.04537
1 0.51849 0.707407 0.039062 0.072222
1 0.684115 0.512963 0.038021 0.064815
1 0.696615 0.617593 0.063021 0.109259
1 0.903125 0.51713 0.05 0.078704
1 0.723698 0.763889 0.052604 0.07963
3 0.670833 0.772685 0.089583 0.112037
