1 0.028472 0.896296 0.056944 0.138272
3 0.861806 0.248148 0.056944 0.08642
3 0.874306 0.350617 0.079167 0.108642
3 0.845833 0.408642 0.058333 0.116049
3 0.859722 0.683951 0.063889 0.158025
3 0.9625 0.771605 0.072222 0.145679
3 0.829167 0.893827 0.102778 0.207407
3 0.674306 0.176543 0.054167 0.120988
3 0.518056 0.051852 0.083333 0.098765
3 0.213889 0.2 0.072222 0.093827
3 0.268056 0.276543 0.072222 0.093827
3 0.507639 0.425926 0.056944 0.106173
3 0.575 0.401235 0.083333 0.130864
3 0.617361 0.435802 0.068056 0.190123
3 0.354861 0.430864 0.098611 0.155556
3 0.539583 0.567901 0.048611 0.108642
3 0.338889 0.620988 0.088889 0.135802
3 0.278472 0.725926 0.070833 0.108642
3 0.409722 0.792593 0.127778 0.212346
3 0.273611 0.88642 0.105556 0.182716
3 0.395833 0.949383 0.105556 0.096296
1 0.873611 0.014815 0.041667 0.02963
1 0.724306 0.024691 0.056944 0.049383
1 0.631944 0.061728 0.047222 0.069136
1 0.7375 0.177778 0.055556 0.093827
1 0.913194 0.179012 0.056944 0.081481
1 0.540972 0.246914 0.056944 0.093827
1 0.634722 0.277778 0.080556 0.116049
1 0.710417 0.32963 0.068056 0.081481
1 0.781944 0.375309 0.069444 0.098765
1 0.699306 0.422222 0.076389 0.118519
1 0.76875 0.491358 0.068056 0.128395
1 0.722917 0.709877 0.045833 0.150617
1 0.699306 0.577778 0.073611 0.11358
1 0.784722 0.640741 0.066667 0.101235
1 0.781944 0.781481 0.058333 0.116049
1 0.473611 0.928395 0.1 0.138272
1 0.475694 0.641975 0.076389 0.14321
1 0.559722 0.820988 0.086111 0.165432
1 0.676389 0.891358 0.102778 0.187654
1 0.738194 0.895062 0.034722 0.140741
1 0.563889 0.685185 0.077778 0.165432
1 0.660417 0.711111 0.093056 0.148148
2 0.504861 0.101235 0.023611 0.024691
2 0.35625 0.012346 0.029167 0.019753
2 0.784028 0.260494 0.020833 0.041975
2 0.606944 0.940741 0.025 0.044444
1 0.288194 0.176543 0.059722 0.101235
3 0.1625 0.724691 0.058333 0.111111
