2 0.436979 0.956481 0.048958 0.068519
2 0.427865 0.669907 0.083854 0.112037
0 0.453646 0.563426 0.123958 0.232407
0 0.628646 0.577315 0.05625 0.171296
1 0.298177 0.880556 0.057812 0.085185
1 0.543229 0.646296 0.034375 0.081481
1 0.806771 0.43287 0.039583 0.062037
1 0.90026 0.325 0.040104 0.059259
1 0.911719 0.254167 0.063021 0.097222
1 0.846094 0.265741 0.044271 0.061111
1 0.607292 0.310185 0.041667 0.07037
1 0.560156 0.237963 0.028646 0.05
1 0.340365 0.337963 0.034896 0.055556
1 0.07474 0.779167 0.042188 0.076852
