3 0.552778 0.912346 0.088889 0.17037
1 0.144444 0.148148 0.086111 0.162963
1 0.390278 0.685185 0.075 0.116049
1 0.476389 0.707407 0.066667 0.106173
1 0.572917 0.596296 0.059722 0.120988
1 0.664583 0.77037 0.0625 0.108642
1 0.206944 0.87284 0.1 0.145679
1 0.780556 0.838272 0.069444 0.125926
1 0.6375 0.350617 0.063889 0.103704
1 0.645833 0.575309 0.036111 0.093827
1 0.711806 0.391358 0.048611 0.140741
1 0.745833 0.314815 0.044444 0.111111
1 0.716667 0.237037 0.052778 0.098765
1 0.733333 0.145679 0.061111 0.088889
