0 0.625 0.341975 0.086111 0.106173
2 0.614583 0.588889 0.029167 0.066667
1 0.042361 0.967901 0.076389 0.059259
1 0.508333 0.844444 0.086111 0.123457
1 0.971528 0.879012 0.048611 0.123457
1 0.705556 0.606173 0.061111 0.106173
1 0.459722 0.212346 0.075 0.103704
1 0.505556 0.087654 0.063889 0.096296
3 0.144444 0.590123 0.080556 0.138272
3 0.405556 0.819753 0.091667 0.128395
3 0.453472 0.955556 0.076389 0.083951
3 0.817361 0.738272 0.1125 0.182716
3 0.898611 0.603704 0.097222 0.17037
3 0.745139 0.438272 0.079167 0.130864
3 0.533333 0.295062 0.075 0.111111
3 0.385417 0.338272 0.0625 0.108642
