1 0.503906 0.466204 0.031771 0.05463
1 0.584375 0.508796 0.03125 0.062037
1 0.377604 0.566204 0.027083 0.050926
1 0.801562 0.970833 0.045833 0.056481
1 0.529427 0.706944 0.026562 0.05463
1 0.122917 0.314815 0.028125 0.037037
1 0.180208 0.310185 0.025 0.042593
1 0.227604 0.364815 0.027083 0.044444
1 0.213281 0.625463 0.032813 0.04537
1 0.321615 0.786574 0.032813 0.065741
1 0.142448 0.696296 0.038021 0.075926
1 0.065365 0.717593 0.044271 0.074074
1 0.133854 0.962037 0.05625 0.074074
1 0.589063 0.848611 0.033333 0.067593
