2 0.254861 0.454321 0.040278 0.039506
2 0.236806 0.506173 0.043056 0.064198
2 0.181944 0.559259 0.038889 0.041975
2 0.532639 0.596296 0.029167 0.061728
2 0.406944 0.846914 0.036111 0.074074
1 0.610417 0.940741 0.084722 0.11358
1 0.530556 0.851852 0.069444 0.162963
1 0.465972 0.945679 0.084722 0.103704
1 0.340278 0.848148 0.083333 0.130864
1 0.419444 0.748148 0.077778 0.118519
1 0.493056 0.698765 0.052778 0.103704
1 0.59375 0.635802 0.054167 0.091358
1 0.629861 0.546914 0.048611 0.076543
1 0.475694 0.549383 0.043056 0.101235
1 0.373611 0.520988 0.066667 0.103704
1 0.459028 0.461728 0.065278 0.083951
1 0.513194 0.148148 0.040278 0.049383
1 0.447917 0.24321 0.059722 0.08642
1 0.435417 0.367901 0.059722 0.074074
