3 0.396875 0.263426 0.05 0.058333
3 0.540885 0.430093 0.053646 0.065741
0 0.183594 0.749074 0.172396 0.144444
0 0.76849 0.609259 0.063021 0.062963
0 0.361719 0.373611 0.129688 0.056481
0 0.33776 0.297685 0.097396 0.102778
1 0.077083 0.406481 0.048958 0.057407
1 0.067969 0.351852 0.029687 0.042593
1 0.241146 0.154167 0.023958 0.04537
1 0.432292 0.238889 0.039583 0.061111
1 0.43099 0.198611 0.036979 0.050926
1 0.39974 0.19537 0.028646 0.040741
1 0.347917 0.263889 0.03125 0.061111
3 0.263281 0.375463 0.060937 0.058333
3 0.341146 0.60463 0.073958 0.1
3 0.667448 0.759259 0.071354 0.127778
3 0.679948 0.634722 0.079687 0.130556
