1 0.727865 0.2625 0.033854 0.041667
1 0.569531 0.314815 0.026562 0.046296
1 0.522135 0.343056 0.027604 0.047222
1 0.470573 0.476852 0.025521 0.051852
1 0.29349 0.642593 0.034896 0.053704
1 0.210156 0.969907 0.042188 0.058333
1 0.307292 0.912037 0.039583 0.057407
1 0.520052 0.640278 0.039062 0.063889
1 0.931771 0.365278 0.034375 0.05463
1 0.810156 0.546296 0.038021 0.087037
1 0.725781 0.570833 0.040104 0.062037
0 0.501042 0.925 0.06875 0.148148
0 0.610938 0.637037 0.10625 0.090741
3 0.947917 0.879167 0.103125 0.176852
