3 0.483333 0.458025 0.105556 0.091358
3 0.43125 0.533333 0.0875 0.11358
3 0.585417 0.322222 0.0875 0.111111
3 0.807639 0.587654 0.068056 0.133333
3 0.840972 0.748148 0.095833 0.167901
3 0.882639 0.864198 0.101389 0.162963
3 0.576389 0.639506 0.066667 0.11358
1 0.786111 0.151852 0.066667 0.076543
1 0.463194 0.123457 0.051389 0.108642
1 0.389583 0.703704 0.084722 0.128395
1 0.480556 0.775309 0.063889 0.103704
1 0.499306 0.555556 0.054167 0.093827
1 0.615278 0.532099 0.072222 0.120988
1 0.750694 0.5 0.059722 0.08642
2 0.852083 0.560494 0.029167 0.064198
2 0.220833 0.5 0.030556 0.061728
2 0.444444 0.267901 0.019444 0.041975
1 0.684722 0.077778 0.072222 0.08642
