0 0.495139 0.5 0.120833 0.135802
3 0.8875 0.775309 0.069444 0.17284
3 0.768056 0.758025 0.094444 0.138272
3 0.861111 0.502469 0.125 0.145679
3 0.593056 0.523457 0.080556 0.108642
3 0.502778 0.280247 0.080556 0.145679
3 0.452778 0.349383 0.111111 0.135802
3 0.622917 0.122222 0.115278 0.140741
1 0.380556 0.55679 0.075 0.160494
1 0.482639 0.644444 0.0625 0.079012
1 0.520139 0.390123 0.048611 0.083951
1 0.652778 0.38642 0.069444 0.155556
1 0.8125 0.364198 0.058333 0.091358
2 0.918056 0.455556 0.036111 0.071605
2 0.204861 0.296296 0.029167 0.049383
1 0.271528 0.890123 0.073611 0.135802
