1 0.378906 0.404167 0.039062 0.052778
1 0.672135 0.533333 0.036979 0.05
1 0.945833 0.478241 0.034375 0.04537
1 0.892969 0.49537 0.048438 0.057407
1 0.291406 0.949537 0.064062 0.099074
1 0.79349 0.862037 0.065104 0.1
1 0.4125 0.786574 0.041667 0.050926
1 0.359375 0.528241 0.044792 0.069444
0 0.603906 0.560185 0.103646 0.131481
0 0.78776 0.705556 0.093229 0.164815
1 0.508333 0.248148 0.036458 0.057407
1 0.494792 0.201852 0.030208 0.05
1 0.457813 0.2375 0.029167 0.041667
1 0.440625 0.187963 0.033333 0.055556
1 0.401042 0.20787 0.029167 0.037963
