1 0.484028 0.695062 0.076389 0.175309
1 0.804861 0.311111 0.115278 0.128395
1 0.670833 0.28642 0.086111 0.17284
1 0.386806 0.783951 0.090278 0.155556
1 0.304861 0.661728 0.106944 0.17284
1 0.236111 0.591358 0.105556 0.135802
1 0.088889 0.516049 0.127778 0.118519
1 0.186806 0.381481 0.159722 0.239506
1 0.094444 0.058025 0.111111 0.091358
1 0.270833 0.192593 0.063889 0.118519
1 0.347917 0.308642 0.079167 0.128395
1 0.491667 0.160494 0.077778 0.118519
1 0.671528 0.5 0.079167 0.106173
2 0.422222 0.538272 0.058333 0.079012
