3 0.617969 0.672685 0.043229 0.058333
3 0.685156 0.531944 0.041146 0.060185
3 0.730729 0.540741 0.052083 0.072222
3 0.34375 0.691667 0.048958 0.068519
1 0.230729 0.619907 0.038542 0.058333
1 0.158854 0.246296 0.030208 0.042593
1 0.160156 0.309259 0.038021 0.051852
1 0.642188 0.356944 0.036458 0.052778
1 0.443229 0.343519 0.038542 0.048148
1 0.486979 0.476852 0.045833 0.048148
1 0.916406 0.428704 0.035937 0.046296
1 0.864844 0.452315 0.043229 0.065741
1 0.79375 0.506944 0.027083 0.052778
1 0.78099 0.616204 0.038021 0.076852
1 0.627083 0.584722 0.030208 0.047222
1 0.401302 0.87963 0.035937 0.062963
