3 0.272917 0.660494 0.0625 0.135802
1 0.834028 0.634568 0.076389 0.158025
1 0.572222 0.587654 0.080556 0.148148
1 0.465278 0.592593 0.077778 0.177778
1 0.572917 0.764198 0.073611 0.150617
1 0.330556 0.053086 0.05 0.081481
1 0.440972 0.237037 0.0625 0.118519
1 0.471528 0.414815 0.084722 0.118519
1 0.163889 0.733333 0.1 0.162963
1 0.054861 0.883951 0.109722 0.17284
1 0.970833 0.787654 0.055556 0.133333
2 0.979861 0.407407 0.029167 0.074074
2 0.805556 0.932099 0.038889 0.066667
2 0.654167 0.72716 0.036111 0.101235
2 0.618056 0.3 0.036111 0.046914
2 0.571528 0.430864 0.018056 0.041975
2 0.652778 0.367901 0.022222 0.034568
