3 0.3 0.740278 0.078125 0.080556
3 0.188542 0.575926 0.065625 0.064815
3 0.1 0.502315 0.045833 0.050926
1 0.157292 0.413889 0.029167 0.042593
1 0.143229 0.447222 0.01875 0.024074
1 0.200781 0.478704 0.035937 0.046296
1 0.063802 0.668981 0.040104 0.041667
1 0.129167 0.759259 0.040625 0.042593
1 0.202344 0.714815 0.038021 0.057407
1 0.289844 0.789352 0.043229 0.056481
1 0.365365 0.904167 0.040104 0.069444
1 0.396615 0.502778 0.029687 0.025926
1 0.430208 0.487037 0.035417 0.042593
1 0.467708 0.513889 0.03125 0.038889
1 0.514323 0.578241 0.020313 0.032407
1 0.567187 0.613889 0.027083 0.048148
1 0.601042 0.662963 0.029167 0.05
1 0.615885 0.689815 0.028646 0.042593
1 0.688802 0.777315 0.051562 0.071296
1 0.557031 0.848148 0.038021 0.046296
1 0.639062 0.874074 0.046875 0.066667
1 0.667708 0.928704 0.0375 0.046296
1 0.519531 0.978241 0.050521 0.041667
