2 0.386198 0.659722 0.044271 0.071296
3 0.683333 0.743981 0.048958 0.080556
3 0.896354 0.671759 0.113542 0.178704
1 0.898698 0.099537 0.035937 0.050926
1 0.54349 0.159259 0.044271 0.05
1 0.592187 0.302315 0.039583 0.043519
1 0.166146 0.236574 0.027083 0.039815
1 0.086719 0.259259 0.038021 0.040741
1 0.047396 0.349537 0.03125 0.04537
1 0.094531 0.331019 0.035937 0.050926
1 0.185938 0.309722 0.0375 0.063889
1 0.244531 0.337963 0.049479 0.077778
1 0.301563 0.361111 0.032292 0.051852
1 0.426563 0.394907 0.038542 0.056481
1 0.463802 0.445833 0.044271 0.09537
1 0.49401 0.428704 0.036979 0.061111
1 0.390885 0.606944 0.032813 0.052778
1 0.456771 0.92037 0.061458 0.083333
1 0.665885 0.967593 0.061979 0.062963
1 0.874219 0.787037 0.055729 0.077778
1 0.963802 0.708796 0.067187 0.108333
