1 0.690104 0.27037 0.035417 0.051852
1 0.842708 0.428241 0.033333 0.04537
1 0.716406 0.361111 0.031771 0.055556
3 0.527083 0.35 0.042708 0.040741
0 0.81849 0.574537 0.079687 0.075
1 0.904948 0.472222 0.028646 0.051852
1 0.978125 0.564352 0.042708 0.075
1 0.678385 0.380556 0.032813 0.057407
1 0.660937 0.53287 0.028125 0.04537
1 0.579167 0.514815 0.033333 0.068519
1 0.2875 0.884259 0.040625 0.059259
1 0.570833 0.95 0.054167 0.062963
1 0.603906 0.899074 0.048438 0.075926
1 0.90651 0.787963 0.059896 0.081481
1 0.752083 0.867593 0.05 0.081481
1 0.640104 0.96713 0.048958 0.063889
3 0.54401 0.721296 0.069271 0.103704
3 0.253646 0.583333 0.060417 0.055556
