0 0.435417 0.736574 0.070833 0.217593
1 0.452604 0.981481 0.04375 0.035185
1 0.035677 0.719444 0.033854 0.055556
1 0.05599 0.3375 0.036979 0.050926
1 0.376302 0.409722 0.040104 0.063889
1 0.565104 0.307407 0.029167 0.033333
1 0.536458 0.321296 0.04375 0.061111
1 0.596094 0.143056 0.031771 0.039815
1 0.686979 0.25463 0.034375 0.061111
1 0.808333 0.504167 0.040625 0.04537
1 0.586458 0.591204 0.067708 0.115741
3 0.054948 0.800926 0.055729 0.085185
3 0.452083 0.379167 0.03125 0.04537
3 0.810156 0.323611 0.057812 0.10463
3 0.395313 0.631019 0.054167 0.078704
0 0.621875 0.510185 0.110417 0.125926
1 0.127083 0.393056 0.023958 0.04537
1 0.246354 0.199537 0.038542 0.050926
1 0.368229 0.230556 0.022917 0.048148
