1 0.636198 0.401852 0.028646 0.05
1 0.861719 0.725926 0.030729 0.055556
1 0.719271 0.558796 0.034375 0.043519
1 0.397396 0.557407 0.030208 0.046296
1 0.363281 0.433333 0.031771 0.046296
1 0.276302 0.681019 0.041146 0.078704
1 0.304427 0.668056 0.034896 0.05463
1 0.245573 0.638889 0.031771 0.046296
1 0.119531 0.61713 0.035937 0.052778
1 0.058333 0.590741 0.053125 0.083333
1 0.207552 0.835185 0.032813 0.053704
1 0.670573 0.859259 0.048438 0.07963
1 0.615885 0.942593 0.040104 0.057407
3 0.626823 0.849537 0.078646 0.15463
3 0.466146 0.927315 0.047917 0.069444
