1 0.73776 0.420833 0.028646 0.039815
1 0.726302 0.560648 0.035937 0.047222
3 0.111719 0.566204 0.083854 0.078704
3 0.354948 0.794907 0.053646 0.060185
1 0.076823 0.880556 0.052604 0.075926
1 0.377865 0.859722 0.039062 0.058333
1 0.588021 0.921296 0.039583 0.05
1 0.53099 0.746296 0.030729 0.053704
1 0.600781 0.730556 0.042188 0.07037
1 0.684115 0.719907 0.036979 0.052778
1 0.668229 0.685185 0.035417 0.046296
1 0.843229 0.640278 0.034375 0.056481
1 0.60625 0.55 0.028125 0.044444
1 0.798698 0.443519 0.028646 0.038889
1 0.210677 0.689352 0.033854 0.039815
1 0.255729 0.581944 0.028125 0.037963
1 0.413802 0.25463 0.028646 0.033333
1 0.583594 0.345833 0.025521 0.043519
1 0.609635 0.298611 0.025521 0.034259
