1 0.51901 0.1875 0.042188 0.069444
1 0.89974 0.468056 0.065104 0.089815
1 0.898438 0.33287 0.05 0.065741
1 0.775521 0.359722 0.0375 0.050926
1 0.540365 0.431019 0.043229 0.043519
3 0.208333 0.462037 0.078125 0.114815
3 0.65625 0.54213 0.044792 0.05463
3 0.858854 0.943056 0.08125 0.112037
3 0.75651 0.2375 0.047396 0.049074
3 0.095052 0.166667 0.068229 0.072222
3 0.121094 0.108796 0.083854 0.082407
0 0.399219 0.248611 0.054688 0.113889
1 0.894531 0.191667 0.031771 0.048148
1 0.858073 0.163889 0.035937 0.042593
1 0.875521 0.131944 0.026042 0.036111
1 0.634896 0.191204 0.021875 0.049074
