1 0.64401 0.558333 0.027604 0.044444
1 0.446354 0.473148 0.028125 0.048148
1 0.43724 0.554167 0.018229 0.039815
1 0.251823 0.466667 0.032813 0.057407
1 0.810156 0.69213 0.027604 0.069444
1 0.855469 0.956944 0.041146 0.060185
1 0.671094 0.917593 0.034896 0.046296
1 0.55026 0.971296 0.051562 0.055556
1 0.379948 0.941204 0.065104 0.102778
1 0.036979 0.960185 0.072917 0.077778
1 0.044271 0.896296 0.055208 0.057407
1 0.278125 0.706944 0.038542 0.037963
1 0.328125 0.668056 0.030208 0.039815
1 0.480208 0.818981 0.039583 0.056481
1 0.603646 0.786574 0.026042 0.043519
1 0.616146 0.741204 0.033333 0.049074
1 0.689063 0.743519 0.028125 0.042593
1 0.692708 0.709722 0.035417 0.039815
1 0.621615 0.695833 0.040104 0.04537
1 0.526823 0.624074 0.030729 0.033333
1 0.478906 0.605556 0.030729 0.042593
1 0.433854 0.681019 0.025 0.037963
1 0.391927 0.620833 0.039062 0.037963
1 0.279427 0.556944 0.027604 0.032407
1 0.077865 0.548148 0.034896 0.040741
1 0.035417 0.546759 0.030208 0.039815
1 0.01849 0.522685 0.036979 0.036111
0 0.535417 0.660648 0.075 0.04537
3 0.213802 0.747685 0.056771 0.049074
3 0.402083 0.774537 0.06875 0.060185
3 0.51901 0.753241 0.056771 0.05463
3 0.335417 0.541204 0.039583 0.034259
