1 0.254167 0.244444 0.113889 0.177778
1 0.704167 0.307407 0.041667 0.071605
1 0.660417 0.303704 0.040278 0.074074
2 0.711111 0.798765 0.022222 0.041975
2 0.03125 0.458025 0.029167 0.066667
1 0.098611 0.288889 0.094444 0.153086
1 0.256944 0.460494 0.083333 0.130864
1 0.079167 0.596296 0.083333 0.111111
1 0.05625 0.734568 0.076389 0.140741
1 0.174306 0.620988 0.081944 0.130864
1 0.224306 0.718519 0.070833 0.128395
1 0.211806 0.345679 0.101389 0.167901
1 0.40625 0.337037 0.059722 0.08642
1 0.331944 0.12963 0.058333 0.091358
1 0.242361 0.102469 0.101389 0.091358
3 0.455556 0.664198 0.083333 0.202469
3 0.529861 0.532099 0.056944 0.130864
3 0.338194 0.533333 0.0625 0.14321
3 0.389583 0.458025 0.070833 0.120988
