1 0.375521 0.405556 0.03125 0.042593
1 0.513281 0.384259 0.026562 0.037037
1 0.575781 0.471759 0.016146 0.036111
1 0.7375 0.229167 0.027083 0.041667
1 0.184635 0.662037 0.038021 0.048148
1 0.22474 0.660648 0.038021 0.052778
1 0.120833 0.710185 0.026042 0.044444
1 0.217448 0.777778 0.040104 0.051852
1 0.272135 0.708333 0.033854 0.048148
1 0.253125 0.765741 0.044792 0.057407
1 0.183594 0.959259 0.046354 0.07963
1 0.354427 0.688426 0.030729 0.047222
3 0.316667 0.669907 0.042708 0.049074
0 0.363802 0.850926 0.073438 0.07963
