0 0.542188 0.488889 0.084375 0.096296
0 0.408594 0.468519 0.091146 0.103704
1 0.682292 0.647222 0.033333 0.057407
1 0.575781 0.411111 0.023438 0.040741
1 0.101562 0.365278 0.06875 0.110185
1 0.28099 0.478241 0.031771 0.052778
1 0.449479 0.735648 0.034375 0.062037
1 0.453906 0.807407 0.040104 0.064815
1 0.51901 0.747685 0.033854 0.063889
1 0.584635 0.800926 0.027604 0.051852
1 0.795052 0.915741 0.044271 0.072222
1 0.664583 0.983796 0.055208 0.030556
1 0.567187 0.886111 0.042708 0.072222
1 0.389323 0.90463 0.068229 0.085185
