1 0.164323 0.423611 0.032813 0.056481
1 0.234896 0.307407 0.026042 0.046296
1 0.21875 0.237037 0.026042 0.031481
1 0.252604 0.189815 0.03125 0.038889
1 0.311979 0.213426 0.028125 0.050926
1 0.39974 0.09537 0.023438 0.037037
1 0.467708 0.162963 0.036458 0.042593
1 0.496354 0.088889 0.030208 0.055556
1 0.734635 0.25787 0.043229 0.069444
1 0.821354 0.312037 0.061458 0.085185
1 0.866927 0.247222 0.048438 0.090741
1 0.746615 0.725926 0.069271 0.137037
1 0.620313 0.81713 0.077083 0.137963
0 0.078906 0.752315 0.157812 0.163889
