0 0.761458 0.212037 0.054167 0.074074
1 0.635156 0.235185 0.026562 0.062963
3 0.65599 0.208333 0.038021 0.051852
1 0.882552 0.152778 0.028646 0.051852
1 0.963802 0.22037 0.043229 0.066667
1 0.702344 0.123611 0.027604 0.043519
1 0.736198 0.348148 0.036979 0.055556
1 0.952865 0.847222 0.055729 0.092593
1 0.554167 0.325463 0.029167 0.05463
1 0.672396 0.518981 0.033333 0.058333
1 0.071875 0.163426 0.034375 0.056481
3 0.366667 0.043981 0.065625 0.060185
0 0.670052 0.794444 0.140104 0.1
0 0.407552 0.370833 0.084896 0.060185
0 0.588021 0.248611 0.058333 0.05463
