0 0.429167 0.848148 0.114583 0.198148
0 0.926823 0.675463 0.145313 0.156481
0 0.638802 0.295833 0.102604 0.100926
1 0.488281 0.683333 0.044271 0.059259
1 0.609115 0.363426 0.057812 0.071296
1 0.815885 0.284722 0.034896 0.043519
1 0.70651 0.072685 0.034896 0.05463
1 0.564844 0.131481 0.034896 0.064815
1 0.591667 0.11713 0.034375 0.056481
1 0.416667 0.208796 0.038542 0.056481
1 0.121354 0.494907 0.03125 0.041667
1 0.057031 0.3625 0.047396 0.078704
1 0.114323 0.15463 0.041146 0.053704
3 0.484896 0.177778 0.03125 0.035185
3 0.830729 0.128704 0.064583 0.103704
3 0.435417 0.401852 0.058333 0.077778
