1 0.977083 0.696296 0.043056 0.079012
1 0.748611 0.281481 0.05 0.088889
3 0.391667 0.337037 0.063889 0.071605
3 0.519444 0.406173 0.083333 0.111111
3 0.457639 0.508642 0.076389 0.108642
3 0.547222 0.625926 0.069444 0.091358
3 0.604167 0.62963 0.058333 0.118519
3 0.60625 0.728395 0.043056 0.108642
3 0.639583 0.781481 0.048611 0.096296
3 0.761806 0.739506 0.065278 0.101235
3 0.783333 0.859259 0.069444 0.138272
1 0.694444 0.95679 0.066667 0.071605
1 0.621528 0.950617 0.090278 0.093827
1 0.6375 0.861728 0.063889 0.108642
1 0.704167 0.885185 0.066667 0.120988
1 0.848611 0.488889 0.038889 0.064198
1 0.809722 0.659259 0.038889 0.083951
1 0.768056 0.482716 0.047222 0.066667
1 0.665278 0.650617 0.052778 0.066667
1 0.559028 0.75679 0.048611 0.071605
1 0.636806 0.482716 0.048611 0.081481
1 0.553472 0.538272 0.040278 0.064198
1 0.470139 0.753086 0.056944 0.083951
1 0.218056 0.667901 0.061111 0.091358
1 0.359028 0.455556 0.045833 0.061728
1 0.148611 0.250617 0.055556 0.08642
1 0.177778 0.141975 0.055556 0.061728
2 0.70625 0.753086 0.018056 0.054321
3 0.290278 0.934568 0.061111 0.125926
