1 0.744444 0.361728 0.086111 0.190123
1 0.845139 0.424691 0.131944 0.22716
1 0.728472 0.633333 0.070833 0.165432
1 0.643056 0.592593 0.077778 0.158025
2 0.621528 0.771605 0.034722 0.041975
2 0.844444 0.522222 0.030556 0.066667
2 0.711806 0.455556 0.031944 0.05679
2 0.945139 0.309877 0.084722 0.08642
1 0.890278 0.648148 0.155556 0.254321
1 0.941667 0.119753 0.091667 0.155556
1 0.777778 0.161728 0.108333 0.190123
1 0.543056 0.160494 0.086111 0.148148
1 0.561111 0.365432 0.058333 0.093827
3 0.226389 0.554321 0.077778 0.165432
3 0.257639 0.385185 0.073611 0.167901
