3 0.048611 0.51358 0.066667 0.128395
3 0.866667 0.732099 0.080556 0.125926
3 0.775 0.876543 0.077778 0.14321
1 0.494444 0.402469 0.047222 0.074074
1 0.535417 0.332099 0.051389 0.101235
1 0.483333 0.209877 0.047222 0.093827
1 0.51875 0.034568 0.040278 0.069136
1 0.838194 0.050617 0.059722 0.091358
1 0.929167 0.324691 0.058333 0.091358
1 0.213889 0.891358 0.075 0.133333
1 0.246528 0.644444 0.070833 0.11358
1 0.498611 0.637037 0.055556 0.088889
1 0.496528 0.723457 0.059722 0.093827
1 0.615278 0.8 0.055556 0.103704
2 0.327083 0.711111 0.034722 0.039506
