3 0.522396 0.428241 0.076042 0.112037
1 0.094531 0.553704 0.025521 0.031481
1 0.092448 0.628241 0.029687 0.047222
1 0.269531 0.485648 0.028646 0.052778
1 0.258073 0.575 0.026562 0.046296
1 0.201823 0.671296 0.028646 0.048148
1 0.042448 0.974537 0.046354 0.049074
1 0.241667 0.868981 0.059375 0.100926
1 0.303646 0.956481 0.05625 0.085185
1 0.346615 0.935185 0.039062 0.074074
1 0.416667 0.915278 0.05 0.086111
1 0.415885 0.590741 0.034896 0.062963
1 0.65599 0.542593 0.047396 0.074074
1 0.495573 0.373611 0.046354 0.073148
1 0.433073 0.204167 0.038021 0.065741
1 0.547917 0.11713 0.029167 0.058333
1 0.547396 0.038426 0.028125 0.036111
1 0.577604 0.024074 0.032292 0.048148
1 0.584115 0.194907 0.030729 0.050926
1 0.748177 0.113426 0.035937 0.041667
1 0.804167 0.155556 0.052083 0.07037
1 0.865104 0.1625 0.04375 0.060185
0 0.69375 0.028704 0.078125 0.057407
