1 0.122396 0.200926 0.040625 0.061111
0 0.336719 0.838426 0.145313 0.247222
0 0.92474 0.929167 0.149479 0.139815
1 0.976562 0.835648 0.045833 0.087963
1 0.869792 0.724537 0.038542 0.05463
1 0.81276 0.671296 0.034896 0.053704
1 0.704167 0.715278 0.063542 0.065741
1 0.752083 0.677778 0.036458 0.051852
1 0.748437 0.626389 0.028125 0.043519
1 0.863542 0.436111 0.027083 0.040741
1 0.445573 0.7625 0.042188 0.056481
1 0.247917 0.297222 0.034375 0.053704
1 0.482292 0.390278 0.044792 0.067593
1 0.254427 0.23287 0.038021 0.073148
1 0.173177 0.196296 0.036979 0.064815
1 0.198958 0.271296 0.036458 0.075926
1 0.042448 0.531019 0.040104 0.060185
1 0.007812 0.757407 0.015625 0.092593
3 0.826042 0.936111 0.069792 0.098148
