3 0.142361 0.159259 0.095833 0.120988
3 0.042361 0.734568 0.084722 0.155556
3 0.110417 0.859259 0.101389 0.138272
3 0.374306 0.241975 0.070833 0.108642
3 0.522222 0.344444 0.091667 0.145679
3 0.445139 0.481481 0.109722 0.133333
3 0.552778 0.661728 0.083333 0.148148
3 0.776389 0.72716 0.091667 0.145679
3 0.778472 0.846914 0.056944 0.103704
3 0.813194 0.935802 0.073611 0.123457
1 0.151389 0.706173 0.075 0.123457
1 0.816667 0.17284 0.05 0.093827
1 0.919444 0.475309 0.058333 0.066667
1 0.333333 0.403704 0.047222 0.091358
1 0.826389 0.444444 0.058333 0.083951
1 0.677778 0.451852 0.058333 0.083951
1 0.579861 0.535802 0.065278 0.093827
1 0.868056 0.7 0.052778 0.101235
1 0.460417 0.832099 0.065278 0.123457
1 0.559028 0.833333 0.068056 0.125926
1 0.7375 0.95679 0.075 0.081481
1 0.065278 0.117284 0.094444 0.130864
2 0.429861 0.579012 0.029167 0.046914
2 0.251389 0.434568 0.036111 0.054321
