3 0.959028 0.854321 0.079167 0.207407
3 0.741667 0.639506 0.122222 0.222222
3 0.854167 0.838272 0.130556 0.224691
3 0.775694 0.919753 0.120833 0.155556
1 0.365972 0.183951 0.081944 0.155556
1 0.304167 0.179012 0.05 0.150617
1 0.4375 0.338272 0.058333 0.11358
1 0.457639 0.617284 0.051389 0.103704
1 0.665972 0.750617 0.104167 0.153086
1 0.643056 0.181481 0.075 0.150617
1 0.923611 0.250617 0.091667 0.180247
1 0.861111 0.444444 0.094444 0.148148
1 0.952083 0.609877 0.070833 0.158025
3 0.650694 0.341975 0.129167 0.145679
3 0.561806 0.397531 0.101389 0.11358
3 0.564583 0.549383 0.079167 0.106173
3 0.526389 0.683951 0.072222 0.108642
3 0.479861 0.801235 0.098611 0.155556
3 0.609028 0.928395 0.0875 0.138272
3 0.260417 0.860494 0.109722 0.209877
3 0.322917 0.42716 0.079167 0.108642
