3 0.654687 0.830093 0.052083 0.067593
3 0.64375 0.921296 0.052083 0.081481
3 0.229427 0.912037 0.071354 0.114815
1 0.403906 0.311111 0.027604 0.062963
1 0.38776 0.440278 0.028646 0.047222
1 0.827083 0.558796 0.032292 0.063889
1 0.619792 0.423611 0.023958 0.043519
1 0.590104 0.565741 0.036458 0.055556
1 0.757812 0.638426 0.033333 0.082407
1 0.692708 0.625926 0.035417 0.085185
1 0.921875 0.863889 0.055208 0.101852
1 0.898438 0.759722 0.036458 0.05463
1 0.124219 0.502778 0.050521 0.074074
1 0.347396 0.514815 0.036458 0.068519
1 0.410156 0.611111 0.048438 0.085185
