1 0.106944 0.287654 0.072222 0.101235
1 0.076389 0.414815 0.069444 0.098765
1 0.189583 0.11358 0.034722 0.088889
1 0.288889 0.298765 0.069444 0.093827
1 0.359028 0.202469 0.081944 0.118519
1 0.283333 0.587654 0.086111 0.177778
1 0.181944 0.68642 0.086111 0.14321
1 0.235417 0.801235 0.093056 0.125926
1 0.110417 0.812346 0.093056 0.14321
1 0.391667 0.814815 0.091667 0.153086
1 0.501389 0.393827 0.069444 0.120988
1 0.669444 0.312346 0.080556 0.120988
1 0.857639 0.258025 0.068056 0.130864
1 0.739583 0.64321 0.095833 0.150617
1 0.638889 0.702469 0.091667 0.140741
1 0.60625 0.932099 0.081944 0.130864
1 0.721528 0.866667 0.081944 0.153086
