1 0.589323 0.422222 0.022396 0.031481
0 0.782552 0.908333 0.147396 0.072222
3 0.413802 0.49537 0.055729 0.046296
3 0.941406 0.899537 0.059896 0.067593
1 0.380729 0.371759 0.026042 0.030556
1 0.36901 0.408333 0.026562 0.031481
1 0.420833 0.422685 0.026042 0.041667
1 0.069792 0.501389 0.042708 0.050926
1 0.025781 0.636574 0.034896 0.041667
1 0.127083 0.721759 0.035417 0.049074
1 0.116406 0.800926 0.042188 0.059259
1 0.219531 0.76713 0.039062 0.062037
1 0.31276 0.811111 0.034896 0.057407
1 0.283594 0.618981 0.034896 0.049074
1 0.327865 0.569907 0.024479 0.034259
1 0.379167 0.628241 0.032292 0.041667
1 0.433594 0.599537 0.031771 0.037963
1 0.507292 0.643981 0.034375 0.049074
1 0.569271 0.735648 0.033333 0.05463
1 0.898958 0.671759 0.051042 0.058333
1 0.836458 0.745833 0.044792 0.060185
1 0.872396 0.789815 0.035417 0.05
1 0.75026 0.72037 0.036979 0.046296
1 0.713281 0.82037 0.050521 0.059259
1 0.65026 0.971759 0.056771 0.05463
