3 0.579427 0.839352 0.074479 0.102778
1 0.469792 0.435648 0.022917 0.037963
1 0.204167 0.470833 0.042708 0.087963
1 0.859635 0.440741 0.030729 0.057407
1 0.848958 0.502315 0.036458 0.056481
1 0.661719 0.362963 0.029687 0.059259
1 0.664323 0.434259 0.031771 0.062963
1 0.620573 0.519444 0.035937 0.062963
1 0.465104 0.544444 0.0375 0.048148
1 0.404687 0.596759 0.042708 0.062037
1 0.486719 0.693981 0.049479 0.076852
1 0.219792 0.721759 0.05625 0.078704
1 0.781771 0.669907 0.05 0.060185
1 0.785677 0.969907 0.078646 0.058333
