2 0.57526 0.946296 0.066146 0.105556
2 0.384896 0.427315 0.041667 0.065741
2 0.422396 0.436574 0.032292 0.047222
2 0.857292 0.85787 0.05 0.093519
1 0.885156 0.715278 0.056771 0.100926
1 0.902604 0.612963 0.077083 0.122222
1 0.89349 0.33287 0.061979 0.082407
1 0.766667 0.268056 0.052083 0.073148
1 0.579427 0.825463 0.101562 0.169444
1 0.46901 0.913889 0.097396 0.17037
1 0.367708 0.914815 0.095833 0.168519
1 0.252604 0.943981 0.125 0.110185
1 0.430469 0.777778 0.092188 0.161111
1 0.344531 0.71713 0.077604 0.132407
1 0.265625 0.786574 0.091667 0.169444
1 0.183073 0.761111 0.071354 0.157407
1 0.077083 0.823611 0.108333 0.15463
1 0.189323 0.630093 0.072396 0.113889
1 0.410417 0.536574 0.084375 0.136111
1 0.296615 0.553241 0.110937 0.167593
1 0.329688 0.424537 0.075 0.130556
1 0.413802 0.305556 0.069271 0.144444
1 0.45 0.24537 0.053125 0.090741
1 0.440885 0.164815 0.066146 0.090741
1 0.382031 0.22963 0.066146 0.103704
