3 0.658073 0.551389 0.050521 0.050926
3 0.421615 0.887037 0.069271 0.101852
3 0.489323 0.877315 0.073438 0.093519
1 0.233073 0.323148 0.033854 0.046296
1 0.266146 0.340741 0.027083 0.038889
1 0.389583 0.490741 0.023958 0.05
1 0.307552 0.480093 0.025521 0.04537
1 0.070573 0.599537 0.042188 0.058333
1 0.042969 0.699537 0.076563 0.080556
1 0.115104 0.918519 0.070833 0.111111
1 0.358333 0.603704 0.055208 0.064815
1 0.693229 0.365741 0.023958 0.035185
1 0.71875 0.451389 0.030208 0.058333
1 0.68125 0.60787 0.040625 0.05463
1 0.639583 0.657407 0.051042 0.083333
1 0.558333 0.715278 0.036458 0.062037
1 0.56276 0.776852 0.034896 0.062963
