3 0.388889 0.298765 0.055556 0.083951
2 0.846528 0.495062 0.034722 0.037037
2 0.814583 0.455556 0.040278 0.041975
2 0.967361 0.662963 0.054167 0.061728
2 0.622917 0.555556 0.026389 0.049383
2 0.595833 0.567901 0.027778 0.059259
2 0.423611 0.569136 0.038889 0.051852
2 0.43125 0.523457 0.054167 0.059259
3 0.517361 0.88642 0.0625 0.108642
1 0.519444 0.037037 0.047222 0.069136
1 0.471528 0.109877 0.048611 0.091358
1 0.059028 0.109877 0.118056 0.116049
1 0.244444 0.575309 0.077778 0.138272
1 0.056944 0.903704 0.108333 0.118519
1 0.570139 0.645679 0.095833 0.150617
3 0.164583 0.925926 0.109722 0.14321
3 0.147917 0.740741 0.101389 0.088889
3 0.910417 0.314815 0.145833 0.155556
3 0.743056 0.712346 0.111111 0.135802
3 0.883333 0.914815 0.152778 0.165432
