0 0.41875 0.906173 0.076389 0.182716
0 0.426389 0.203704 0.061111 0.175309
0 0.334722 0.214815 0.061111 0.098765
0 0.659028 0.335802 0.104167 0.093827
0 0.69375 0.233333 0.084722 0.091358
0 0.940278 0.388889 0.080556 0.091358
0 0.797222 0.72716 0.105556 0.175309
1 0.7625 0.477778 0.066667 0.116049
1 0.595139 0.381481 0.043056 0.091358
1 0.532639 0.32963 0.045833 0.101235
1 0.490278 0.222222 0.038889 0.064198
1 0.0625 0.119753 0.058333 0.08642
2 0.790278 0.893827 0.025 0.039506
2 0.6125 0.554321 0.038889 0.066667
2 0.047917 0.387654 0.0625 0.093827
2 0.253472 0.354321 0.054167 0.081481
2 0.595833 0.92963 0.055556 0.081481
