2 0.872222 0.77037 0.022222 0.034568
2 0.798611 0.823457 0.027778 0.032099
1 0.916667 0.360494 0.036111 0.059259
1 0.783333 0.439506 0.036111 0.049383
1 0.579167 0.495062 0.027778 0.037037
1 0.333333 0.459259 0.041667 0.064198
1 0.6125 0.550617 0.044444 0.064198
1 0.435417 0.574074 0.054167 0.071605
1 0.3625 0.558025 0.05 0.088889
1 0.122222 0.655556 0.052778 0.101235
1 0.497222 0.81358 0.055556 0.081481
0 0.833333 0.892593 0.125 0.066667
0 0.670139 0.835802 0.115278 0.111111
0 0.678472 0.653086 0.081944 0.081481
