2 0.194444 0.688889 0.038889 0.059259
2 0.131944 0.669136 0.066667 0.054321
2 0.280556 0.855556 0.044444 0.08642
2 0.213194 0.541975 0.073611 0.061728
2 0.309028 0.68642 0.065278 0.093827
2 0.588194 0.788889 0.026389 0.05679
2 0.538194 0.62716 0.1125 0.123457
1 0.606944 0.925926 0.086111 0.14321
1 0.317361 0.58642 0.0375 0.061728
1 0.788889 0.677778 0.038889 0.081481
1 0.833333 0.506173 0.044444 0.069136
1 0.778472 0.432099 0.026389 0.054321
1 0.754861 0.261728 0.043056 0.054321
1 0.661111 0.267901 0.041667 0.066667
1 0.318056 0.276543 0.033333 0.059259
