3 0.322222 0.966667 0.069444 0.061728
3 0.3 0.825926 0.091667 0.101235
3 0.0375 0.695062 0.063889 0.091358
3 0.038194 0.31358 0.070833 0.133333
1 0.134722 0.661728 0.094444 0.162963
1 0.247917 0.523457 0.0625 0.118519
1 0.29375 0.22716 0.051389 0.069136
1 0.279167 0.138272 0.072222 0.098765
3 0.406944 0.02716 0.038889 0.054321
3 0.484722 0.290123 0.05 0.116049
1 0.369444 0.166667 0.088889 0.116049
1 0.413889 0.262963 0.058333 0.076543
1 0.441667 0.330864 0.061111 0.083951
2 0.547917 0.179012 0.023611 0.041975
2 0.540972 0.290123 0.031944 0.051852
2 0.759028 0.167901 0.0375 0.044444
2 0.720139 0.148148 0.023611 0.024691
2 0.740278 0.054321 0.038889 0.024691
2 0.921528 0.055556 0.056944 0.071605
2 0.836806 0.067901 0.043056 0.041975
0 0.641667 0.822222 0.055556 0.187654
1 0.468056 0.408642 0.058333 0.116049
1 0.54375 0.424691 0.073611 0.148148
1 0.408333 0.591358 0.069444 0.096296
1 0.566667 0.67284 0.094444 0.155556
1 0.635417 0.601235 0.101389 0.135802
1 0.701389 0.698765 0.069444 0.103704
2 0.400694 0.658025 0.026389 0.041975
2 0.821528 0.516049 0.026389 0.034568
2 0.680556 0.512346 0.038889 0.046914
2 0.808333 0.555556 0.038889 0.044444
3 0.582639 0.935802 0.076389 0.123457
3 0.86875 0.806173 0.126389 0.135802
