2 0.943056 0.307407 0.058333 0.041975
2 0.681944 0.28642 0.025 0.039506
2 0.783333 0.403704 0.041667 0.066667
2 0.831944 0.833333 0.066667 0.091358
3 0.215278 0.234568 0.105556 0.162963
3 0.21875 0.062963 0.090278 0.120988
3 0.079861 0.319753 0.0875 0.096296
3 0.729861 0.093827 0.059722 0.098765
3 0.544444 0.241975 0.044444 0.083951
3 0.35 0.41358 0.088889 0.150617
3 0.494444 0.58642 0.047222 0.081481
3 0.5875 0.966667 0.061111 0.061728
1 0.116667 0.177778 0.083333 0.103704
1 0.263889 0.32963 0.072222 0.106173
1 0.606944 0.039506 0.066667 0.074074
1 0.432639 0.37284 0.040278 0.049383
1 0.705556 0.455556 0.086111 0.106173
1 0.849306 0.564198 0.093056 0.096296
1 0.749306 0.561728 0.095833 0.106173
1 0.597917 0.482716 0.079167 0.120988
1 0.010417 0.553086 0.020833 0.093827
1 0.24375 0.72716 0.090278 0.120988
1 0.340972 0.966667 0.079167 0.061728
