1 0.204861 0.550617 0.045833 0.069136
1 0.282639 0.716049 0.026389 0.02963
3 0.257639 0.65679 0.023611 0.034568
3 0.338889 0.679012 0.016667 0.044444
3 0.635417 0.506173 0.031944 0.054321
1 0.321528 0.612346 0.029167 0.049383
1 0.360417 0.697531 0.0375 0.05679
1 0.467361 0.953086 0.034722 0.059259
1 0.50625 0.898765 0.040278 0.054321
1 0.692361 0.945679 0.070833 0.103704
3 0.417361 0.679012 0.026389 0.054321
3 0.30625 0.534568 0.026389 0.037037
3 0.415278 0.948148 0.033333 0.049383
3 0.610417 0.839506 0.068056 0.083951
3 0.764583 0.903704 0.079167 0.108642
3 0.445139 0.653086 0.029167 0.037037
3 0.490278 0.604938 0.041667 0.064198
3 0.49375 0.796296 0.056944 0.106173
3 0.906944 0.812346 0.163889 0.167901
1 0.655556 0.755556 0.066667 0.103704
1 0.590972 0.677778 0.0375 0.081481
1 0.550694 0.611111 0.034722 0.037037
1 0.5625 0.534568 0.063889 0.091358
1 0.425 0.539506 0.05 0.071605
1 0.485417 0.337037 0.065278 0.096296
3 0.432639 0.438272 0.043056 0.081481
3 0.5125 0.469136 0.058333 0.093827
3 0.738889 0.355556 0.080556 0.103704
3 0.609722 0.25679 0.063889 0.11358
