3 0.490972 0.276543 0.073611 0.133333
1 0.506944 0.177778 0.052778 0.093827
1 0.472222 0.04321 0.066667 0.08642
1 0.247917 0.669136 0.123611 0.158025
2 0.547222 0.540741 0.025 0.039506
2 0.304167 0.548148 0.030556 0.059259
2 0.267361 0.576543 0.029167 0.061728
2 0.704167 0.718519 0.030556 0.039506
2 0.715972 0.855556 0.020833 0.037037
2 0.663194 0.867901 0.031944 0.051852
2 0.620833 0.87284 0.033333 0.032099
1 0.656944 0.637037 0.066667 0.093827
1 0.811111 0.683951 0.091667 0.088889
1 0.971528 0.759259 0.054167 0.096296
3 0.84375 0.628395 0.106944 0.120988
3 0.933333 0.653086 0.086111 0.106173
3 0.420833 0.644444 0.086111 0.14321
3 0.529167 0.774074 0.072222 0.125926
3 0.227083 0.941975 0.084722 0.106173
