2 0.203472 0.74321 0.031944 0.044444
1 0.053472 0.217284 0.051389 0.083951
1 0.2625 0.188889 0.047222 0.051852
1 0.281944 0.288889 0.033333 0.069136
1 0.340278 0.339506 0.030556 0.076543
1 0.35 0.55679 0.038889 0.071605
1 0.477083 0.428395 0.026389 0.041975
1 0.622917 0.42963 0.020833 0.054321
1 0.722222 0.437037 0.025 0.044444
1 0.884028 0.659259 0.0375 0.059259
1 0.838889 0.841975 0.041667 0.074074
1 0.718056 0.904938 0.058333 0.076543
0 0.138194 0.92716 0.140278 0.140741
0 0.486111 0.64321 0.094444 0.051852
0 0.588889 0.728395 0.083333 0.059259
0 0.729167 0.718519 0.125 0.118519
