3 0.05 0.755556 0.1 0.11358
3 0.344444 0.698765 0.063889 0.088889
1 0.872222 0.981481 0.138889 0.032099
1 0.484028 0.876543 0.051389 0.083951
1 0.551389 0.755556 0.058333 0.088889
1 0.636111 0.544444 0.061111 0.091358
3 0.726389 0.596296 0.1 0.175309
3 0.832639 0.588889 0.084722 0.111111
1 0.797222 0.333333 0.088889 0.118519
1 0.718056 0.358025 0.058333 0.083951
1 0.793056 0.12963 0.052778 0.106173
3 0.715972 0.248148 0.073611 0.150617
2 0.519444 0.171605 0.030556 0.05679
2 0.627778 0.095062 0.041667 0.05679
