1 0.945833 0.093981 0.0625 0.09537
1 0.846875 0.945833 0.071875 0.106481
1 0.621615 0.945833 0.064062 0.106481
1 0.560937 0.878704 0.04375 0.116667
1 0.502083 0.875926 0.076042 0.155556
1 0.53099 0.635185 0.058854 0.1
1 0.604167 0.567593 0.069792 0.105556
1 0.608333 0.464352 0.057292 0.086111
1 0.74375 0.569907 0.05625 0.082407
1 0.778385 0.531944 0.052604 0.10463
1 0.724479 0.478241 0.053125 0.10463
1 0.825 0.435185 0.04375 0.096296
3 0.739844 0.935185 0.083854 0.127778
3 0.559375 0.408333 0.079167 0.127778
3 0.157812 0.849537 0.059375 0.115741
2 0.094271 0.603704 0.040625 0.033333
2 0.226042 0.810185 0.030208 0.061111
2 0.147396 0.764815 0.016667 0.033333
2 0.408854 0.829167 0.016667 0.036111
2 0.334635 0.446296 0.021354 0.027778
1 0.725 0.060185 0.05625 0.094444
