2 0.738889 0.541975 0.022222 0.037037
2 0.720139 0.420988 0.029167 0.037037
3 0.832639 0.97037 0.079167 0.054321
3 0.178472 0.97284 0.073611 0.049383
3 0.309028 0.588889 0.151389 0.239506
3 0.838889 0.61358 0.083333 0.111111
3 0.919444 0.475309 0.158333 0.214815
1 0.458333 0.958025 0.091667 0.079012
1 0.710417 0.88642 0.0875 0.187654
1 0.733333 0.723457 0.094444 0.153086
1 0.671528 0.620988 0.068056 0.101235
1 0.578472 0.682716 0.068056 0.091358
1 0.602778 0.558025 0.077778 0.108642
1 0.6 0.276543 0.077778 0.118519
1 0.71875 0.055556 0.093056 0.111111
