3 0.456771 0.47037 0.107292 0.185185
3 0.581771 0.42037 0.144792 0.211111
3 0.765104 0.241667 0.139583 0.196296
3 0.34401 0.740278 0.068229 0.132407
3 0.457813 0.76713 0.139583 0.163889
3 0.657292 0.875 0.126042 0.198148
1 0.125781 0.069907 0.096354 0.123148
1 0.24401 0.083796 0.069271 0.087963
1 0.132292 0.196296 0.057292 0.101852
1 0.210938 0.207407 0.058333 0.101852
1 0.373958 0.19213 0.045833 0.09537
1 0.219792 0.450926 0.055208 0.092593
1 0.746875 0.418981 0.083333 0.156481
1 0.517188 0.899074 0.0875 0.146296
1 0.417187 0.936574 0.076042 0.125
