2 0.568056 0.87037 0.027778 0.032099
2 0.534722 0.865432 0.030556 0.032099
2 0.929861 0.42716 0.048611 0.044444
2 0.895833 0.38642 0.036111 0.041975
2 0.752778 0.374074 0.038889 0.041975
2 0.619444 0.482716 0.027778 0.037037
2 0.652083 0.649383 0.023611 0.02963
2 0.831944 0.859259 0.077778 0.088889
2 0.9625 0.588889 0.072222 0.061728
3 0.299306 0.609877 0.031944 0.054321
1 0.115278 0.416049 0.027778 0.032099
1 0.186111 0.580247 0.041667 0.044444
1 0.283333 0.519753 0.025 0.041975
1 0.195833 0.392593 0.036111 0.093827
1 0.157639 0.355556 0.0125 0.02963
1 0.177778 0.275309 0.030556 0.046914
1 0.098611 0.22963 0.027778 0.02963
1 0.025 0.195062 0.025 0.034568
1 0.045139 0.174074 0.029167 0.02716
1 0.018056 0.120988 0.022222 0.02963
1 0.077083 0.022222 0.043056 0.044444
1 0.145833 0.039506 0.030556 0.039506
1 0.107639 0.061728 0.048611 0.059259
1 0.097222 0.162963 0.069444 0.064198
1 0.145833 0.132099 0.036111 0.046914
1 0.164583 0.187654 0.0375 0.044444
1 0.185417 0.132099 0.048611 0.066667
1 0.217361 0.225926 0.043056 0.071605
1 0.267361 0.246914 0.031944 0.059259
1 0.504861 0.34321 0.045833 0.083951
1 0.595139 0.049383 0.0625 0.083951
1 0.741667 0.033333 0.086111 0.066667
1 0.351389 0.539506 0.016667 0.061728
1 0.457639 0.42716 0.045833 0.083951
1 0.520139 0.509877 0.065278 0.120988
1 0.71875 0.825926 0.098611 0.145679
0 0.768056 0.207407 0.061111 0.153086
3 0.216667 0.514815 0.025 0.041975
3 0.220139 0.091358 0.051389 0.074074
3 0.320833 0.303704 0.044444 0.059259
3 0.345139 0.206173 0.056944 0.101235
3 0.503472 0.130864 0.043056 0.054321
3 0.475 0.233333 0.066667 0.111111
3 0.693056 0.132099 0.088889 0.106173
3 0.594444 0.396296 0.05 0.091358
3 0.710417 0.438272 0.0875 0.116049
3 0.842361 0.477778 0.134722 0.180247
3 0.467361 0.876543 0.079167 0.148148
3 0.560417 0.723457 0.076389 0.118519
3 0.686806 0.928395 0.123611 0.138272
