3 0.770833 0.219753 0.063889 0.064198
3 0.520833 0.092593 0.041667 0.046914
3 0.417361 0.248148 0.073611 0.096296
3 0.470139 0.214815 0.043056 0.079012
3 0.482639 0.355556 0.070833 0.128395
3 0.524306 0.282716 0.0625 0.051852
3 0.416667 0.537037 0.086111 0.111111
3 0.219444 0.85679 0.086111 0.118519
1 0.345139 0.191358 0.034722 0.032099
1 0.379861 0.109877 0.043056 0.066667
1 0.705556 0.059259 0.072222 0.118519
1 0.8375 0.208642 0.080556 0.091358
1 0.872222 0.293827 0.1 0.098765
1 0.961806 0.385185 0.073611 0.088889
1 0.620139 0.208642 0.059722 0.106173
1 0.642361 0.297531 0.070833 0.111111
1 0.560417 0.291358 0.056944 0.088889
1 0.672222 0.476543 0.047222 0.069136
1 0.563889 0.591358 0.069444 0.120988
1 0.396528 0.441975 0.073611 0.128395
