3 0.720833 0.495062 0.069444 0.101235
3 0.502083 0.338272 0.118056 0.153086
0 0.534722 0.258025 0.083333 0.120988
0 0.041667 0.292593 0.075 0.249383
0 0.356944 0.55679 0.105556 0.111111
0 0.2625 0.464198 0.105556 0.22716
0 0.149306 0.504938 0.140278 0.08642
0 0.928472 0.625926 0.140278 0.145679
1 0.8 0.833333 0.1 0.125926
1 0.718056 0.72963 0.063889 0.125926
1 0.739583 0.144444 0.056944 0.08642
1 0.241667 0.124691 0.033333 0.071605
2 0.649306 0.406173 0.0375 0.05679
2 0.329861 0.71358 0.048611 0.069136
