0 0.863802 0.562037 0.104688 0.157407
1 0.535937 0.919907 0.0875 0.117593
1 0.558854 0.74213 0.08125 0.169444
1 0.672135 0.824074 0.068229 0.111111
1 0.490365 0.348148 0.061979 0.094444
1 0.702083 0.285648 0.053125 0.069444
1 0.669531 0.214352 0.043229 0.073148
1 0.73151 0.173148 0.038021 0.094444
1 0.385937 0.118981 0.058333 0.078704
1 0.3125 0.140278 0.054167 0.060185
1 0.309635 0.064815 0.050521 0.05
1 0.102865 0.174074 0.072396 0.114815
1 0.647656 0.021759 0.045312 0.043519
3 0.401562 0.387963 0.078125 0.114815
2 0.85651 0.722685 0.028646 0.052778
2 0.470052 0.660185 0.026562 0.059259
2 0.351042 0.22963 0.032292 0.035185
