2 0.196528 0.767901 0.068056 0.11358
2 0.751389 0.4 0.038889 0.054321
2 0.638194 0.722222 0.034722 0.061728
1 0.240278 0.137037 0.030556 0.046914
1 0.522917 0.060494 0.018056 0.032099
1 0.558333 0.109877 0.033333 0.046914
1 0.770139 0.149383 0.040278 0.076543
1 0.592361 0.225926 0.029167 0.05679
1 0.640972 0.271605 0.0625 0.083951
1 0.674306 0.349383 0.054167 0.08642
1 0.645833 0.448148 0.066667 0.106173
1 0.149306 0.438272 0.054167 0.076543
0 0.910417 0.141975 0.115278 0.091358
0 0.302083 0.798765 0.156944 0.130864
0 0.068056 0.61358 0.058333 0.145679
