1 0.860417 0.302469 0.043056 0.05679
1 0.902083 0.475309 0.034722 0.037037
1 0.664583 0.265432 0.034722 0.051852
1 0.740278 0.38642 0.038889 0.05679
1 0.76875 0.440741 0.048611 0.066667
1 0.825694 0.514815 0.051389 0.066667
1 0.614583 0.338272 0.045833 0.074074
1 0.634028 0.396296 0.048611 0.071605
1 0.577083 0.380247 0.0375 0.059259
1 0.445833 0.461728 0.052778 0.079012
1 0.654167 0.533333 0.036111 0.064198
1 0.578472 0.604938 0.054167 0.108642
3 0.905556 0.371605 0.038889 0.05679
3 0.959028 0.35679 0.051389 0.061728
3 0.784722 0.274074 0.041667 0.034568
3 0.540278 0.245679 0.036111 0.032099
3 0.497917 0.320988 0.040278 0.059259
3 0.45625 0.325926 0.051389 0.064198
3 0.540972 0.37284 0.045833 0.039506
3 0.422222 0.403704 0.041667 0.051852
3 0.511806 0.412346 0.054167 0.069136
3 0.455556 0.52716 0.061111 0.076543
3 0.904861 0.524691 0.045833 0.091358
3 0.938889 0.782716 0.038889 0.069136
3 0.250694 0.791358 0.090278 0.150617
