2 0.688194 0.122222 0.015278 0.041975
2 0.792361 0.871605 0.045833 0.044444
1 0.854861 0.839506 0.123611 0.118519
1 0.118056 0.918519 0.044444 0.044444
1 0.18125 0.976543 0.043056 0.041975
1 0.281944 0.596296 0.066667 0.081481
1 0.244444 0.802469 0.061111 0.069136
1 0.378472 0.782716 0.054167 0.128395
1 0.422917 0.859259 0.040278 0.049383
1 0.481944 0.909877 0.044444 0.076543
3 0.276389 0.909877 0.038889 0.041975
3 0.331944 0.840741 0.038889 0.051852
3 0.349306 0.987654 0.034722 0.019753
3 0.329861 0.706173 0.056944 0.079012
3 0.239583 0.716049 0.0625 0.074074
3 0.389583 0.507407 0.054167 0.076543
3 0.486111 0.565432 0.05 0.079012
3 0.577083 0.24321 0.109722 0.185185
3 0.827083 0.207407 0.056944 0.079012
1 0.55625 0.582716 0.070833 0.128395
1 0.68125 0.595062 0.084722 0.123457
1 0.871528 0.317284 0.0875 0.091358
1 0.920139 0.177778 0.143056 0.123457
