2 0.564583 0.81358 0.031944 0.032099
2 0.427083 0.669136 0.020833 0.034568
2 0.335417 0.75679 0.023611 0.032099
2 0.391667 0.949383 0.025 0.037037
2 0.329167 0.823457 0.036111 0.037037
2 0.227778 0.911111 0.036111 0.044444
3 0.279861 0.723457 0.054167 0.079012
3 0.065278 0.592593 0.102778 0.17284
3 0.057639 0.42716 0.090278 0.118519
3 0.161806 0.507407 0.054167 0.071605
3 0.334722 0.397531 0.086111 0.128395
3 0.235417 0.034568 0.109722 0.069136
2 0.55 0.540741 0.019444 0.02963
2 0.971528 0.309877 0.054167 0.041975
2 0.805556 0.37284 0.033333 0.034568
3 0.558333 0.637037 0.038889 0.064198
3 0.583333 0.7 0.072222 0.101235
3 0.399306 0.740741 0.068056 0.123457
3 0.493056 0.741975 0.086111 0.155556
3 0.725694 0.287654 0.093056 0.120988
3 0.857639 0.7 0.118056 0.135802
0 0.413889 0.495062 0.075 0.185185
0 0.601389 0.282716 0.130556 0.116049
1 0.289583 0.149383 0.073611 0.08642
1 0.363194 0.233333 0.048611 0.081481
1 0.195139 0.297531 0.093056 0.125926
1 0.706944 0.406173 0.111111 0.125926
1 0.652083 0.644444 0.123611 0.148148
1 0.689583 0.8 0.070833 0.103704
1 0.145833 0.725926 0.097222 0.103704
1 0.084722 0.830864 0.105556 0.101235
