1 0.315972 0.681481 0.045833 0.049383
3 0.41875 0.41358 0.031944 0.05679
3 0.494444 0.385185 0.041667 0.069136
3 0.507639 0.297531 0.051389 0.081481
3 0.636806 0.307407 0.056944 0.101235
3 0.753472 0.133333 0.079167 0.123457
3 0.586806 0.049383 0.059722 0.098765
1 0.790278 0.477778 0.088889 0.106173
1 0.027083 0.422222 0.051389 0.11358
1 0.025694 0.567901 0.051389 0.069136
1 0.250694 0.562963 0.084722 0.093827
1 0.376389 0.628395 0.05 0.066667
1 0.530556 0.644444 0.066667 0.083951
1 0.477778 0.787654 0.052778 0.054321
1 0.496528 0.932099 0.034722 0.041975
1 0.461111 0.971605 0.022222 0.032099
1 0.539583 0.94321 0.026389 0.034568
1 0.633333 0.907407 0.041667 0.051852
1 0.682639 0.930864 0.029167 0.034568
1 0.763889 0.841975 0.038889 0.054321
1 0.738889 0.688889 0.061111 0.064198
1 0.658333 0.637037 0.066667 0.079012
1 0.93125 0.688889 0.043056 0.044444
2 0.600694 0.716049 0.026389 0.024691
2 0.893056 0.545679 0.030556 0.02963
