2 0.511111 0.055556 0.025 0.037037
2 0.604861 0.130864 0.026389 0.044444
2 0.545139 0.167901 0.023611 0.034568
2 0.474306 0.583951 0.023611 0.037037
2 0.336806 0.487654 0.031944 0.041975
2 0.206944 0.94321 0.027778 0.044444
2 0.626389 0.623457 0.019444 0.02716
2 0.738889 0.964198 0.036111 0.037037
1 0.934722 0.52716 0.122222 0.125926
1 0.970139 0.28642 0.056944 0.093827
1 0.944444 0.177778 0.108333 0.064198
3 0.660417 0.232099 0.043056 0.093827
3 0.785417 0.307407 0.045833 0.066667
3 0.719444 0.371605 0.061111 0.111111
1 0.684028 0.190123 0.0375 0.083951
1 0.719444 0.235802 0.05 0.05679
1 0.679861 0.287654 0.034722 0.071605
1 0.649306 0.388889 0.048611 0.066667
1 0.609028 0.564198 0.048611 0.071605
3 0.185417 0.581481 0.081944 0.076543
3 0.432639 0.522222 0.054167 0.061728
3 0.475694 0.877778 0.043056 0.081481
1 0.447222 0.433333 0.063889 0.111111
1 0.5625 0.669136 0.041667 0.074074
1 0.142361 0.664198 0.084722 0.093827
1 0.224306 0.681481 0.081944 0.118519
