1 0.936806 0.551852 0.095833 0.101235
1 0.389583 0.237037 0.031944 0.069136
1 0.770833 0.350617 0.047222 0.079012
1 0.483333 0.08642 0.025 0.044444
3 0.399306 0.045679 0.043056 0.032099
3 0.406944 0.175309 0.036111 0.049383
3 0.929167 0.204938 0.069444 0.039506
3 0.852083 0.262963 0.056944 0.071605
3 0.78125 0.259259 0.065278 0.059259
3 0.917361 0.320988 0.068056 0.049383
3 0.848611 0.346914 0.088889 0.091358
3 0.770139 0.425926 0.065278 0.091358
3 0.183333 0.440741 0.036111 0.061728
3 0.225 0.51358 0.033333 0.044444
3 0.313889 0.654321 0.063889 0.088889
3 0.565972 0.545679 0.059722 0.123457
3 0.400694 0.88642 0.051389 0.108642
