3 0.071528 0.301235 0.143056 0.17284
3 0.064583 0.097531 0.129167 0.145679
2 0.729167 0.14321 0.022222 0.039506
2 0.934028 0.45679 0.031944 0.034568
2 0.880556 0.397531 0.027778 0.044444
2 0.828472 0.383951 0.031944 0.041975
2 0.782639 0.376543 0.034722 0.037037
3 0.789583 0.188889 0.070833 0.05679
3 0.611806 0.159259 0.054167 0.08642
3 0.458333 0.311111 0.047222 0.083951
3 0.236806 0.491358 0.1125 0.148148
3 0.422917 0.661728 0.051389 0.079012
1 0.334028 0.425926 0.048611 0.101235
1 0.509028 0.098765 0.0625 0.11358
1 0.6125 0.514815 0.058333 0.116049
1 0.73125 0.617284 0.068056 0.11358
1 0.651389 0.609877 0.066667 0.128395
1 0.50625 0.548148 0.076389 0.128395
1 0.140972 0.397531 0.101389 0.123457
1 0.109722 0.825926 0.138889 0.140741
