3 0.424306 0.587654 0.084722 0.123457
3 0.410417 0.860494 0.090278 0.160494
1 0.823611 0.088889 0.052778 0.069136
1 0.902083 0.141975 0.051389 0.091358
1 0.447917 0.264198 0.054167 0.128395
1 0.514583 0.27037 0.0375 0.091358
1 0.654167 0.291358 0.061111 0.118519
1 0.698611 0.538272 0.047222 0.083951
1 0.755556 0.754321 0.063889 0.125926
1 0.661111 0.864198 0.086111 0.167901
1 0.5625 0.967901 0.055556 0.059259
1 0.88125 0.965432 0.0875 0.064198
0 0.552778 0.666667 0.180556 0.153086
0 0.802778 0.854321 0.141667 0.103704
0 0.265278 0.551852 0.15 0.190123
