1 0.709028 0.154321 0.059722 0.08642
3 0.929167 0.030864 0.111111 0.061728
3 0.621528 0.182716 0.0875 0.133333
3 0.443056 0.077778 0.047222 0.08642
1 0.336111 0.193827 0.022222 0.106173
1 0.377083 0.238272 0.048611 0.08642
1 0.5625 0.087654 0.058333 0.096296
1 0.940278 0.264198 0.116667 0.162963
3 0.622917 0.828395 0.026389 0.066667
1 0.5125 0.430864 0.066667 0.125926
1 0.648611 0.47284 0.075 0.116049
1 0.561806 0.702469 0.0625 0.130864
1 0.661111 0.971605 0.066667 0.051852
1 0.590278 0.946914 0.069444 0.101235
3 0.772222 0.381481 0.069444 0.076543
3 0.866667 0.893827 0.163889 0.207407
3 0.340278 0.962963 0.083333 0.069136
