3 0.599219 0.827315 0.105729 0.202778
3 0.753646 0.919444 0.073958 0.159259
3 0.859115 0.897222 0.092188 0.131481
3 0.89375 0.725 0.046875 0.133333
3 0.926823 0.574537 0.145313 0.156481
3 0.867188 0.447685 0.1125 0.186111
3 0.776042 0.561574 0.109375 0.186111
3 0.767708 0.380556 0.086458 0.148148
3 0.821094 0.218519 0.068229 0.15
3 0.729167 0.259259 0.089583 0.142593
3 0.459896 0.872222 0.09375 0.185185
3 0.507552 0.740741 0.085938 0.144444
3 0.483333 0.625 0.084375 0.137037
3 0.3625 0.536574 0.091667 0.136111
3 0.314063 0.622685 0.059375 0.078704
3 0.221354 0.875 0.086458 0.159259
3 0.172917 0.5625 0.088542 0.112037
3 0.215885 0.391204 0.065104 0.134259
3 0.4375 0.359722 0.085417 0.117593
3 0.514062 0.340278 0.0875 0.106481
3 0.623698 0.188426 0.047396 0.063889
3 0.066667 0.297222 0.058333 0.107407
3 0.639062 0.582407 0.0625 0.109259
3 0.666146 0.341204 0.064583 0.130556
0 0.91901 0.256019 0.129688 0.128704
1 0.367708 0.918519 0.05625 0.138889
1 0.353125 0.769444 0.057292 0.098148
1 0.291146 0.70787 0.046875 0.071296
1 0.211719 0.670833 0.058854 0.106481
1 0.608333 0.5125 0.08125 0.115741
1 0.685417 0.453704 0.076042 0.148148
1 0.596875 0.3875 0.0625 0.112037
1 0.546615 0.087037 0.074479 0.1
1 0.492188 0.174074 0.057292 0.096296
1 0.41901 0.256944 0.070312 0.126852
1 0.369792 0.111574 0.0625 0.125
1 0.31276 0.248148 0.068229 0.116667
1 0.25625 0.128704 0.082292 0.140741
3 0.477083 0.084259 0.06875 0.077778
3 0.036458 0.497685 0.058333 0.102778
3 0.11901 0.343519 0.050521 0.125926
3 0.185677 0.22037 0.051562 0.131481
3 0.107552 0.797685 0.094271 0.102778
3 0.431771 0.718519 0.060417 0.125926
