1 0.886806 0.32716 0.031944 0.051852
1 0.958333 0.241975 0.047222 0.064198
1 0.976389 0.344444 0.044444 0.051852
1 0.259722 0.638272 0.108333 0.165432
1 0.529861 0.783951 0.051389 0.111111
1 0.547917 0.597531 0.043056 0.074074
1 0.595833 0.544444 0.047222 0.111111
1 0.397917 0.238272 0.051389 0.091358
1 0.597222 0.440741 0.055556 0.066667
1 0.520139 0.091358 0.054167 0.079012
1 0.7375 0.553086 0.047222 0.093827
1 0.803472 0.48642 0.054167 0.098765
1 0.861111 0.554321 0.047222 0.106173
1 0.972917 0.588889 0.051389 0.081481
1 0.8125 0.366667 0.061111 0.08642
1 0.863194 0.437037 0.023611 0.054321
1 0.842361 0.259259 0.040278 0.054321
3 0.325 0.196296 0.088889 0.125926
3 0.4125 0.161728 0.066667 0.116049
3 0.311111 0.035802 0.105556 0.071605
3 0.666667 0.145679 0.066667 0.093827
3 0.720139 0.122222 0.048611 0.076543
3 0.672222 0.022222 0.061111 0.044444
2 0.110417 0.018519 0.043056 0.037037
2 0.141667 0.061728 0.075 0.039506
2 0.200694 0.02716 0.040278 0.054321
2 0.347917 0.603704 0.051389 0.061728
2 0.4 0.533333 0.033333 0.059259
2 0.403472 0.577778 0.031944 0.044444
2 0.420833 0.62716 0.022222 0.034568
2 0.398611 0.769136 0.016667 0.037037
2 0.350694 0.451852 0.026389 0.034568
3 0.532639 0.565432 0.0375 0.093827
3 0.5 0.720988 0.036111 0.079012
3 0.951389 0.42963 0.05 0.049383
3 0.917361 0.55679 0.043056 0.076543
3 0.80625 0.561728 0.040278 0.05679
3 0.515972 0.018519 0.0375 0.037037
