3 0.3875 0.128395 0.063889 0.069136
3 0.377778 0.267901 0.063889 0.096296
0 0.547917 0.746914 0.179167 0.130864
3 0.258333 0.606173 0.069444 0.130864
3 0.454167 0.538272 0.125 0.138272
3 0.570139 0.565432 0.123611 0.207407
3 0.553472 0.834568 0.118056 0.162963
3 0.079167 0.87284 0.158333 0.249383
1 0.584028 0.067901 0.051389 0.066667
1 0.855556 0.08642 0.041667 0.044444
1 0.926389 0.201235 0.058333 0.061728
1 0.629167 0.187654 0.047222 0.074074
1 0.704167 0.314815 0.05 0.091358
1 0.549306 0.244444 0.068056 0.098765
1 0.488194 0.32963 0.048611 0.061728
1 0.457639 0.444444 0.073611 0.108642
1 0.390972 0.811111 0.084722 0.125926
1 0.516667 0.618519 0.111111 0.17037
1 0.698611 0.777778 0.091667 0.138272
0 0.480556 0.14321 0.122222 0.103704
0 0.745139 0.085185 0.106944 0.140741
