2 0.843056 0.593827 0.022222 0.037037
2 0.976389 0.749383 0.036111 0.032099
2 0.953472 0.690123 0.0375 0.032099
2 0.372917 0.593827 0.020833 0.05679
2 0.353472 0.860494 0.020833 0.02716
2 0.594444 0.897531 0.025 0.037037
2 0.688194 0.874074 0.026389 0.044444
2 0.665278 0.879012 0.027778 0.024691
2 0.336806 0.493827 0.034722 0.019753
2 0.243056 0.722222 0.033333 0.041975
2 0.256944 0.782716 0.038889 0.044444
0 0.252083 0.41358 0.154167 0.219753
0 0.438889 0.053086 0.188889 0.106173
3 0.084722 0.324691 0.155556 0.165432
3 0.301389 0.959259 0.066667 0.076543
3 0.306944 0.680247 0.088889 0.111111
3 0.6 0.033333 0.105556 0.066667
3 0.463194 0.516049 0.059722 0.074074
3 0.490972 0.57037 0.084722 0.11358
3 0.408333 0.646914 0.102778 0.138272
3 0.784722 0.425926 0.141667 0.155556
3 0.948611 0.52716 0.1 0.17037
3 0.872222 0.740741 0.047222 0.069136
3 0.959722 0.850617 0.077778 0.116049
3 0.95625 0.94321 0.084722 0.083951
1 0.763194 0.288889 0.081944 0.088889
1 0.598611 0.177778 0.130556 0.212346
1 0.574306 0.483951 0.126389 0.212346
1 0.643056 0.682716 0.091667 0.150617
1 0.449306 0.944444 0.065278 0.106173
1 0.0375 0.830864 0.061111 0.106173
1 0.0375 0.75679 0.075 0.106173
1 0.05 0.08642 0.1 0.148148
