2 0.053472 0.04321 0.054167 0.05679
2 0.320833 0.197531 0.025 0.02963
2 0.179861 0.522222 0.048611 0.037037
2 0.111806 0.133333 0.034722 0.02963
2 0.127778 0.458025 0.047222 0.037037
2 0.064583 0.839506 0.026389 0.019753
2 0.288194 0.817284 0.029167 0.02963
1 0.083333 0.602469 0.166667 0.118519
1 0.209722 0.746914 0.069444 0.071605
1 0.292361 0.666667 0.084722 0.098765
2 0.367361 0.548148 0.020833 0.02963
2 0.551389 0.460494 0.025 0.046914
2 0.447222 0.612346 0.022222 0.024691
2 0.45 0.57284 0.019444 0.024691
2 0.40625 0.591358 0.023611 0.022222
2 0.580556 0.375309 0.025 0.039506
2 0.550694 0.380247 0.034722 0.034568
2 0.915278 0.511111 0.038889 0.044444
1 0.461806 0.981481 0.040278 0.032099
1 0.44375 0.848148 0.065278 0.08642
1 0.497917 0.653086 0.090278 0.125926
1 0.806944 0.435802 0.122222 0.106173
1 0.634722 0.719753 0.058333 0.081481
1 0.649306 0.635802 0.076389 0.076543
1 0.625 0.961728 0.052778 0.05679
1 0.75625 0.861728 0.048611 0.069136
1 0.878472 0.730864 0.054167 0.054321
1 0.945139 0.685185 0.051389 0.061728
3 0.828472 0.879012 0.054167 0.039506
3 0.329167 0.261728 0.047222 0.059259
3 0.336111 0.381481 0.058333 0.071605
3 0.441667 0.345679 0.066667 0.103704
3 0.455556 0.234568 0.077778 0.098765
3 0.615972 0.240741 0.076389 0.125926
3 0.75 0.048148 0.125 0.096296
