1 0.779861 0.375309 0.065278 0.093827
1 0.815278 0.041975 0.075 0.083951
1 0.906944 0.064198 0.091667 0.093827
3 0.745139 0.038272 0.059722 0.076543
3 0.864583 0.139506 0.126389 0.125926
3 0.561111 0.955556 0.063889 0.083951
3 0.782639 0.745679 0.076389 0.138272
2 0.822917 0.724691 0.023611 0.022222
2 0.589583 0.475309 0.029167 0.037037
2 0.354167 0.696296 0.036111 0.044444
0 0.595833 0.816049 0.05 0.175309
1 0.695833 0.433333 0.077778 0.106173
1 0.629167 0.648148 0.061111 0.101235
1 0.494444 0.717284 0.061111 0.096296
1 0.364583 0.630864 0.056944 0.08642
1 0.482639 0.433333 0.0625 0.106173
1 0.422222 0.455556 0.047222 0.08642
1 0.394444 0.419753 0.044444 0.064198
1 0.364583 0.358025 0.040278 0.064198
1 0.19375 0.596296 0.084722 0.101235
1 0.329861 0.301235 0.068056 0.083951
1 0.2625 0.355556 0.061111 0.049383
1 0.24375 0.285185 0.0625 0.08642
1 0.169444 0.141975 0.058333 0.081481
1 0.205556 0.034568 0.066667 0.059259
3 0.604167 0.11358 0.047222 0.064198
3 0.369444 0.12963 0.066667 0.066667
3 0.429167 0.366667 0.044444 0.076543
3 0.019444 0.430864 0.036111 0.106173
3 0.055556 0.02716 0.086111 0.054321
2 0.472222 0.340741 0.022222 0.039506
2 0.472917 0.249383 0.015278 0.049383
2 0.682639 0.162963 0.020833 0.02963
2 0.6125 0.22716 0.016667 0.024691
2 0.640972 0.166667 0.020833 0.02716
1 0.067361 0.720988 0.129167 0.118519
3 0.2375 0.907407 0.1 0.145679
