3 0.211111 0.976543 0.077778 0.041975
2 0.708333 0.34321 0.036111 0.044444
2 0.741667 0.32716 0.027778 0.061728
2 0.783333 0.328395 0.033333 0.044444
2 0.745139 0.764198 0.029167 0.046914
2 0.784722 0.758025 0.033333 0.039506
3 0.679167 0.832099 0.055556 0.093827
1 0.457639 0.979012 0.051389 0.037037
1 0.585417 0.604938 0.040278 0.069136
1 0.632639 0.598765 0.054167 0.120988
1 0.523611 0.78642 0.052778 0.08642
1 0.892361 0.682716 0.151389 0.130864
1 0.922917 0.925926 0.151389 0.14321
3 0.572222 0.497531 0.055556 0.135802
3 0.594444 0.828395 0.063889 0.175309
