2 0.40625 0.577778 0.018056 0.02963
2 0.295139 0.581481 0.018056 0.022222
2 0.382639 0.662963 0.015278 0.017284
2 0.410417 0.783951 0.015278 0.02716
2 0.375 0.782716 0.019444 0.024691
2 0.265972 0.744444 0.020833 0.02716
2 0.124306 0.351852 0.034722 0.051852
3 0.933333 0.118519 0.130556 0.158025
3 0.882639 0.253086 0.1375 0.135802
3 0.715278 0.267901 0.063889 0.096296
3 0.739583 0.125926 0.059722 0.088889
2 0.344444 0.225926 0.019444 0.071605
2 0.509722 0.290123 0.041667 0.046914
2 0.640972 0.167901 0.031944 0.02963
2 0.556944 0.151852 0.044444 0.041975
2 0.957639 0.355556 0.051389 0.039506
2 0.691667 0.481481 0.027778 0.02963
2 0.731944 0.546914 0.036111 0.02716
2 0.8 0.84321 0.041667 0.017284
2 0.950694 0.940741 0.043056 0.02963
2 0.915972 0.825926 0.040278 0.037037
2 0.972222 0.859259 0.052778 0.044444
1 0.540972 0.917284 0.093056 0.160494
1 0.696528 0.87037 0.081944 0.091358
1 0.786806 0.620988 0.131944 0.135802
1 0.578472 0.67037 0.118056 0.195062
1 0.481944 0.623457 0.05 0.041975
1 0.461806 0.423457 0.093056 0.130864
1 0.202083 0.177778 0.1375 0.153086
1 0.217361 0.362963 0.076389 0.079012
1 0.071528 0.554321 0.1375 0.155556
