2 0.84375 0.909877 0.031944 0.046914
3 0.756944 0.266667 0.036111 0.059259
3 0.736806 0.495062 0.051389 0.071605
1 0.209028 0.441975 0.034722 0.059259
1 0.306944 0.45679 0.030556 0.054321
1 0.346528 0.359259 0.040278 0.071605
1 0.54375 0.060494 0.051389 0.106173
1 0.665278 0.319753 0.069444 0.111111
1 0.579861 0.496296 0.070833 0.118519
1 0.525 0.596296 0.058333 0.096296
1 0.595833 0.623457 0.077778 0.120988
1 0.805556 0.485185 0.072222 0.130864
1 0.834722 0.6 0.1 0.088889
1 0.947917 0.717284 0.101389 0.091358
1 0.635417 0.812346 0.048611 0.093827
1 0.345833 0.782716 0.075 0.118519
3 0.908333 0.228395 0.094444 0.071605
3 0.669444 0.134568 0.069444 0.101235
3 0.600694 0.374074 0.040278 0.066667
3 0.488889 0.351852 0.05 0.071605
3 0.376389 0.533333 0.058333 0.133333
3 0.4375 0.501235 0.044444 0.098765
3 0.492361 0.576543 0.051389 0.111111
3 0.309722 0.697531 0.047222 0.076543
3 0.432639 0.664198 0.076389 0.128395
3 0.366667 0.865432 0.077778 0.116049
