3 0.305208 0.605556 0.058333 0.103704
3 0.357812 0.25 0.053125 0.064815
3 0.34401 0.333333 0.075521 0.07963
3 0.571875 0.231944 0.089583 0.108333
3 0.350521 0.16713 0.069792 0.108333
3 0.45599 0.485185 0.061979 0.105556
3 0.025781 0.494444 0.051562 0.166667
3 0.16849 0.49213 0.063021 0.117593
3 0.10625 0.621296 0.075 0.101852
3 0.06849 0.731481 0.061979 0.1
3 0.096354 0.8625 0.113542 0.141667
3 0.338802 0.728241 0.085938 0.167593
3 0.49401 0.410185 0.067187 0.1
3 0.442448 0.380093 0.070312 0.119444
3 0.58099 0.475926 0.076563 0.114815
3 0.908333 0.549074 0.094792 0.127778
3 0.927604 0.366204 0.082292 0.176852
3 0.669792 0.621759 0.067708 0.130556
3 0.471354 0.949074 0.04375 0.1
3 0.554167 0.846296 0.09375 0.148148
3 0.38099 0.9 0.106771 0.175926
3 0.309635 0.928704 0.083854 0.140741
3 0.254948 0.950926 0.075521 0.096296
1 0.109115 0.057407 0.095312 0.105556
1 0.233333 0.052315 0.060417 0.075
1 0.491927 0.050926 0.049479 0.077778
1 0.544792 0.140278 0.0625 0.089815
1 0.721615 0.071296 0.044271 0.083333
1 0.596094 0.330556 0.044271 0.090741
1 0.514583 0.307407 0.04375 0.109259
1 0.208854 0.217593 0.061458 0.094444
1 0.126302 0.275926 0.065104 0.114815
1 0.075521 0.372222 0.0625 0.111111
1 0.196094 0.402315 0.078646 0.112037
1 0.267969 0.478704 0.063021 0.098148
1 0.250521 0.6125 0.058333 0.099074
1 0.147917 0.694444 0.088542 0.144444
1 0.209115 0.874537 0.066146 0.121296
1 0.414323 0.747222 0.072396 0.111111
1 0.465365 0.635648 0.052604 0.115741
1 0.470312 0.797222 0.054167 0.111111
1 0.654427 0.845833 0.070312 0.121296
