1 0.032292 0.205556 0.064583 0.107407
3 0.173698 0.497222 0.098437 0.133333
3 0.353646 0.112963 0.061458 0.096296
3 0.38724 0.4375 0.050521 0.137963
3 0.31901 0.384259 0.047396 0.107407
1 0.250781 0.366204 0.056771 0.089815
1 0.702604 0.135185 0.04375 0.074074
1 0.465885 0.256481 0.049479 0.098148
2 0.296354 0.870833 0.03125 0.043519
3 0.522135 0.50463 0.057812 0.085185
2 0.632031 0.897685 0.034896 0.036111
2 0.608594 0.924074 0.030729 0.038889
3 0.866146 0.95 0.06875 0.098148
3 0.630208 0.627778 0.070833 0.107407
3 0.733854 0.7 0.051042 0.096296
3 0.5125 0.922222 0.11875 0.153704
