2 0.9375 0.84321 0.116667 0.308642
2 0.675 0.361728 0.05 0.160494
0 0.670833 0.244444 0.069444 0.11358
0 0.655556 0.140741 0.083333 0.14321
0 0.745139 0.27284 0.084722 0.150617
2 0.05 0.798765 0.1 0.249383
1 0.309722 0.359259 0.088889 0.101235
1 0.241667 0.238272 0.133333 0.239506
1 0.295833 0.760494 0.163889 0.261728
1 0.283333 0.917284 0.205556 0.160494
1 0.467361 0.85679 0.190278 0.281481
2 0.440972 0.728395 0.159722 0.271605
0 0.43125 0.482716 0.215278 0.288889
0 0.447917 0.365432 0.106944 0.237037
2 0.414583 0.15679 0.106944 0.190123
2 0.515972 0.182716 0.129167 0.167901
2 0.59375 0.467901 0.104167 0.22963
0 0.760417 0.453086 0.270833 0.22963
0 0.706944 0.785185 0.15 0.385185
2 0.840278 0.262963 0.138889 0.209877
2 0.840278 0.632099 0.152778 0.291358
2 0.794444 0.874074 0.177778 0.246914
