1 0.875 0.934568 0.155556 0.125926
0 0.929167 0.708642 0.138889 0.296296
0 0.803472 0.865432 0.1375 0.264198
0 0.723611 0.782716 0.111111 0.42963
0 0.899306 0.3 0.198611 0.244444
1 0.83125 0.035802 0.0875 0.071605
1 0.908333 0.460494 0.144444 0.135802
1 0.825694 0.628395 0.140278 0.249383
1 0.775 0.348148 0.086111 0.167901
1 0.690972 0.301235 0.101389 0.158025
0 0.79375 0.101235 0.140278 0.133333
1 0.640278 0.065432 0.086111 0.130864
1 0.579167 0.150617 0.097222 0.153086
1 0.570833 0.283951 0.105556 0.182716
1 0.547222 0.453086 0.113889 0.185185
2 0.706944 0.42716 0.075 0.11358
2 0.633333 0.414815 0.080556 0.182716
2 0.585417 0.560494 0.101389 0.118519
1 0.646528 0.691358 0.134722 0.217284
1 0.597917 0.850617 0.145833 0.274074
1 0.481944 0.767901 0.116667 0.266667
1 0.395833 0.648148 0.141667 0.209877
0 0.458333 0.398765 0.066667 0.249383
1 0.408333 0.281481 0.102778 0.177778
0 0.429861 0.055556 0.140278 0.111111
0 0.351389 0.41358 0.197222 0.2
0 0.342361 0.532099 0.181944 0.2
0 0.313194 0.445679 0.2125 0.120988
0 0.176389 0.437037 0.111111 0.217284
0 0.147222 0.276543 0.152778 0.108642
1 0.289583 0.823457 0.131944 0.279012
1 0.3625 0.925926 0.15 0.14321
1 0.0625 0.376543 0.116667 0.17037
1 0.057639 0.511111 0.115278 0.192593
1 0.075 0.888889 0.133333 0.217284
0 0.185417 0.891358 0.1625 0.212346
0 0.039583 0.730864 0.076389 0.138272
0 0.171528 0.74321 0.1375 0.148148
