3 0.877778 0.274074 0.058333 0.098765
1 0.577778 0.503704 0.038889 0.098765
1 0.688194 0.707407 0.0625 0.091358
1 0.784722 0.237037 0.033333 0.083951
1 0.669444 0.275309 0.05 0.096296
1 0.472917 0.304938 0.048611 0.096296
1 0.4125 0.311111 0.052778 0.083951
1 0.413889 0.681481 0.088889 0.162963
3 0.846528 0.52716 0.045833 0.076543
3 0.885417 0.808642 0.054167 0.106173
3 0.653472 0.830864 0.068056 0.101235
3 0.626389 0.896296 0.047222 0.083951
3 0.608333 0.969136 0.027778 0.05679
3 0.501389 0.662963 0.036111 0.076543
3 0.627083 0.588889 0.054167 0.116049
3 0.608333 0.47037 0.038889 0.046914
3 0.49375 0.453086 0.070833 0.091358
3 0.389583 0.461728 0.043056 0.059259
3 0.286111 0.348148 0.047222 0.079012
3 0.111111 0.928395 0.05 0.093827
3 0.023611 0.716049 0.047222 0.093827
