1 0.397917 0.112346 0.043056 0.066667
1 0.447917 0.923457 0.051389 0.123457
1 0.588194 0.925926 0.059722 0.11358
1 0.805556 0.049383 0.055556 0.098765
1 0.811111 0.264198 0.063889 0.123457
1 0.634722 0.41358 0.05 0.091358
1 0.519444 0.303704 0.036111 0.074074
1 0.436111 0.334568 0.030556 0.071605
1 0.147222 0.233333 0.044444 0.076543
3 0.438889 0.685185 0.047222 0.091358
3 0.640972 0.922222 0.043056 0.071605
3 0.925 0.78642 0.072222 0.091358
3 0.745833 0.660494 0.066667 0.120988
3 0.540278 0.722222 0.052778 0.091358
3 0.031944 0.781481 0.063889 0.160494
3 0.353472 0.967901 0.051389 0.059259
3 0.486806 0.937037 0.040278 0.096296
