1 0.869444 0.383951 0.044444 0.076543
1 0.838889 0.509877 0.041667 0.071605
1 0.707639 0.535802 0.040278 0.074074
1 0.596528 0.755556 0.051389 0.069136
1 0.515278 0.680247 0.044444 0.071605
1 0.422917 0.898765 0.043056 0.093827
1 0.272222 0.664198 0.066667 0.098765
1 0.290972 0.267901 0.056944 0.091358
1 0.096528 0.285185 0.068056 0.096296
1 0.078472 0.635802 0.073611 0.111111
3 0.3875 0.369136 0.038889 0.076543
3 0.6 0.64321 0.038889 0.061728
3 0.73125 0.695062 0.043056 0.081481
3 0.589583 0.948148 0.040278 0.069136
3 0.616667 0.976543 0.033333 0.041975
3 0.640972 0.964198 0.043056 0.066667
3 0.442361 0.697531 0.054167 0.106173
3 0.478472 0.628395 0.034722 0.071605
3 0.321528 0.519753 0.045833 0.076543
3 0.197222 0.609877 0.063889 0.11358
3 0.018056 0.733333 0.036111 0.083951
