1 0.789583 0.112346 0.0375 0.066667
1 0.682639 0.07284 0.040278 0.071605
1 0.679167 0.453086 0.044444 0.076543
1 0.885417 0.396296 0.048611 0.071605
1 0.780556 0.54321 0.05 0.079012
1 0.813889 0.712346 0.061111 0.091358
1 0.711806 0.719753 0.0375 0.071605
1 0.584028 0.567901 0.034722 0.074074
1 0.514583 0.467901 0.043056 0.05679
1 0.477083 0.507407 0.043056 0.061728
1 0.519444 0.646914 0.044444 0.079012
1 0.145139 0.487654 0.081944 0.096296
3 0.975 0.604938 0.047222 0.088889
3 0.744444 0.851852 0.044444 0.083951
3 0.609028 0.955556 0.065278 0.083951
