3 0.761806 0.546914 0.070833 0.08642
3 0.713889 0.477778 0.063889 0.061728
3 0.934028 0.7 0.098611 0.145679
3 0.729167 0.869136 0.080556 0.138272
3 0.702083 0.62963 0.070833 0.079012
3 0.3375 0.902469 0.052778 0.066667
3 0.149306 0.866667 0.065278 0.118519
3 0.020833 0.803704 0.041667 0.101235
1 0.100694 0.654321 0.070833 0.093827
1 0.152083 0.569136 0.045833 0.061728
1 0.247917 0.638272 0.068056 0.081481
1 0.33125 0.602469 0.056944 0.088889
1 0.815278 0.181481 0.047222 0.071605
1 0.634028 0.274074 0.043056 0.074074
1 0.627083 0.122222 0.045833 0.091358
1 0.850694 0.506173 0.109722 0.133333
1 0.560417 0.525926 0.0875 0.128395
1 0.538194 0.912346 0.076389 0.145679
