1 0.181944 0.582716 0.105556 0.17284
1 0.152083 0.734568 0.106944 0.2
1 0.243056 0.674074 0.105556 0.207407
1 0.093056 0.891358 0.172222 0.212346
1 0.263194 0.897531 0.143056 0.2
1 0.577083 0.545679 0.093056 0.138272
2 0.425 0.891358 0.102778 0.212346
1 0.355556 0.951852 0.113889 0.091358
1 0.298611 0.495062 0.122222 0.219753
1 0.376389 0.632099 0.136111 0.246914
1 0.39375 0.434568 0.104167 0.162963
1 0.477083 0.514815 0.109722 0.219753
1 0.4875 0.74321 0.136111 0.232099
1 0.585417 0.693827 0.129167 0.241975
1 0.536806 0.898765 0.129167 0.197531
1 0.658333 0.887654 0.130556 0.219753
1 0.550694 0.37037 0.106944 0.222222
1 0.625 0.396296 0.127778 0.249383
1 0.534722 0.224691 0.108333 0.17284
1 0.638889 0.139506 0.116667 0.180247
1 0.717361 0.325926 0.115278 0.197531
1 0.754861 0.145679 0.104167 0.182716
1 0.736111 0.480247 0.130556 0.180247
1 0.722917 0.682716 0.151389 0.219753
1 0.811806 0.861728 0.170833 0.271605
1 0.843056 0.274074 0.152778 0.197531
1 0.753472 0.032099 0.134722 0.064198
1 0.890972 0.138272 0.109722 0.162963
1 0.895139 0.460494 0.176389 0.259259
2 0.949306 0.346914 0.098611 0.185185
1 0.942361 0.045679 0.101389 0.091358
1 0.972917 0.180247 0.051389 0.177778
1 0.95625 0.637037 0.084722 0.261728
1 0.949306 0.879012 0.098611 0.237037
