1 0.105556 0.274074 0.058333 0.098765
1 0.178472 0.323457 0.059722 0.11358
1 0.218056 0.344444 0.055556 0.08642
2 0.151389 0.275309 0.038889 0.061728
2 0.195833 0.248148 0.052778 0.05679
2 0.240278 0.203704 0.063889 0.096296
2 0.265972 0.250617 0.054167 0.076543
1 0.083333 0.57284 0.052778 0.098765
2 0.133333 0.561728 0.058333 0.106173
0 0.177083 0.641975 0.104167 0.123457
0 0.195833 0.711111 0.097222 0.128395
1 0.370833 0.388889 0.041667 0.066667
1 0.343056 0.649383 0.077778 0.138272
0 0.355556 0.353086 0.077778 0.049383
1 0.361806 0.235802 0.048611 0.051852
2 0.35625 0.285185 0.065278 0.066667
2 0.355556 0.509877 0.044444 0.116049
2 0.379861 0.57284 0.034722 0.093827
0 0.408333 0.651852 0.047222 0.320988
2 0.500694 0.720988 0.106944 0.162963
2 0.472917 0.590123 0.079167 0.093827
2 0.49375 0.511111 0.070833 0.088889
1 0.565278 0.562963 0.077778 0.138272
1 0.521528 0.449383 0.059722 0.098765
2 0.49375 0.396296 0.059722 0.05679
1 0.495139 0.341975 0.054167 0.071605
3 0.4375 0.22716 0.069444 0.079012
3 0.527778 0.14321 0.061111 0.083951
1 0.463889 0.266667 0.052778 0.069136
1 0.534722 0.291358 0.058333 0.108642
1 0.544444 0.379012 0.052778 0.08642
1 0.588889 0.348148 0.063889 0.093827
1 0.581944 0.435802 0.047222 0.081481
1 0.624306 0.44321 0.065278 0.08642
0 0.640972 0.492593 0.068056 0.091358
2 0.320833 0.033333 0.047222 0.066667
2 0.370139 0.051852 0.059722 0.059259
0 0.64375 0.635802 0.076389 0.175309
0 0.670833 0.675309 0.094444 0.140741
0 0.670833 0.758025 0.069444 0.074074
0 0.727083 0.455556 0.115278 0.17037
2 0.746528 0.706173 0.104167 0.167901
2 0.7625 0.833333 0.113889 0.165432
2 0.820833 0.701235 0.086111 0.138272
2 0.897222 0.695062 0.102778 0.175309
1 0.746528 0.92963 0.098611 0.135802
1 0.8375 0.883951 0.102778 0.197531
1 0.940972 0.914815 0.115278 0.165432
2 0.972917 0.853086 0.051389 0.165432
2 0.884722 0.334568 0.083333 0.130864
