3 0.179861 0.762963 0.065278 0.103704
1 0.321528 0.12963 0.040278 0.066667
1 0.336806 0.262963 0.051389 0.081481
1 0.444444 0.088889 0.05 0.074074
1 0.593056 0.085185 0.044444 0.071605
1 0.427083 0.333333 0.045833 0.088889
1 0.560417 0.383951 0.051389 0.081481
1 0.745833 0.519753 0.041667 0.071605
1 0.6625 0.641975 0.041667 0.069136
1 0.441667 0.888889 0.055556 0.123457
3 0.684028 0.476543 0.048611 0.098765
3 0.510417 0.328395 0.065278 0.088889
3 0.683333 0.924691 0.058333 0.08642
1 0.738889 0.876543 0.075 0.108642
0 0.860417 0.893827 0.131944 0.118519
