1 0.029167 0.682716 0.058333 0.209877
1 0.141667 0.603704 0.141667 0.224691
2 0.965972 0.309877 0.065278 0.140741
2 0.959722 0.439506 0.077778 0.118519
2 0.945833 0.141975 0.077778 0.101235
0 0.920139 0.250617 0.143056 0.106173
0 0.861806 0.118519 0.104167 0.148148
2 0.848611 0.208642 0.044444 0.125926
2 0.818056 0.266667 0.052778 0.108642
0 0.9 0.401235 0.069444 0.155556
0 0.924306 0.606173 0.145833 0.22963
2 0.652778 0.1 0.080556 0.120988
0 0.722917 0.271605 0.131944 0.138272
2 0.75625 0.35679 0.095833 0.076543
2 0.643056 0.287654 0.069444 0.130864
2 0.577778 0.376543 0.1 0.125926
1 0.635417 0.203704 0.065278 0.066667
1 0.567361 0.138272 0.084722 0.138272
2 0.275 0.2 0.1 0.133333
1 0.821528 0.450617 0.093056 0.195062
1 0.727778 0.479012 0.1 0.182716
1 0.677778 0.408642 0.080556 0.130864
0 0.744444 0.611111 0.061111 0.120988
1 0.786806 0.732099 0.1375 0.234568
2 0.679167 0.78642 0.127778 0.234568
0 0.614583 0.58642 0.048611 0.155556
2 0.6375 0.54321 0.116667 0.162963
2 0.540278 0.562963 0.094444 0.153086
2 0.599306 0.728395 0.056944 0.232099
2 0.497917 0.460494 0.098611 0.145679
2 0.415278 0.52716 0.105556 0.175309
2 0.357639 0.637037 0.115278 0.158025
1 0.5375 0.71358 0.119444 0.241975
1 0.44375 0.824691 0.131944 0.241975
1 0.399306 0.964198 0.120833 0.066667
2 0.351389 0.874074 0.102778 0.246914
2 0.288889 0.793827 0.136111 0.259259
2 0.188194 0.618519 0.065278 0.209877
0 0.127083 0.480247 0.143056 0.08642
0 0.175694 0.855556 0.098611 0.283951
0 0.1 0.883951 0.091667 0.22716
