1 0.736111 0.125926 0.033333 0.059259
1 0.68125 0.311111 0.0375 0.069136
1 0.6 0.253086 0.033333 0.061728
3 0.776389 0.697531 0.05 0.071605
3 0.586111 0.879012 0.05 0.069136
3 0.466667 0.930864 0.055556 0.079012
1 0.736111 0.549383 0.036111 0.05679
1 0.573611 0.57284 0.038889 0.069136
1 0.571528 0.787654 0.034722 0.069136
1 0.385417 0.54321 0.0375 0.054321
1 0.429167 0.523457 0.041667 0.059259
1 0.478472 0.628395 0.034722 0.071605
1 0.415278 0.67284 0.047222 0.071605
1 0.640278 0.637037 0.044444 0.074074
1 0.648611 0.754321 0.041667 0.081481
1 0.982639 0.676543 0.031944 0.093827
1 0.875694 0.797531 0.065278 0.083951
1 0.929861 0.892593 0.101389 0.130864
1 0.096528 0.402469 0.076389 0.098765
