0 0.920139 0.744444 0.095833 0.116049
0 0.917361 0.846914 0.1375 0.177778
0 0.894444 0.941975 0.186111 0.111111
0 0.883333 0.282716 0.094444 0.071605
1 0.351389 0.048148 0.061111 0.096296
1 0.317361 0.14321 0.059722 0.079012
1 0.546528 0.024691 0.043056 0.049383
1 0.427083 0.039506 0.043056 0.064198
1 0.671528 0.114815 0.068056 0.111111
1 0.738889 0.080247 0.066667 0.111111
1 0.774306 0.279012 0.076389 0.153086
1 0.659722 0.250617 0.072222 0.130864
3 0.808333 0.401235 0.086111 0.096296
1 0.725694 0.440741 0.076389 0.140741
1 0.721528 0.703704 0.109722 0.197531
1 0.663194 0.866667 0.129167 0.237037
1 0.554167 0.933333 0.122222 0.128395
