3 0.710417 0.697531 0.126389 0.219753
3 0.507639 0.822222 0.134722 0.202469
3 0.575 0.407407 0.069444 0.128395
3 0.425694 0.479012 0.079167 0.148148
1 0.570833 0.939506 0.091667 0.116049
1 0.9 0.039506 0.116667 0.079012
1 0.9125 0.192593 0.111111 0.222222
1 0.825 0.134568 0.102778 0.234568
1 0.709028 0.050617 0.1125 0.101235
1 0.85 0.388889 0.130556 0.195062
1 0.948611 0.544444 0.1 0.219753
1 0.8625 0.718519 0.116667 0.212346
1 0.825 0.593827 0.102778 0.195062
1 0.372917 0.765432 0.068056 0.103704
1 0.366667 0.911111 0.075 0.128395
1 0.425694 0.141975 0.134722 0.264198
1 0.299306 0.187654 0.106944 0.167901
1 0.293056 0.641975 0.083333 0.11358
0 0.768056 0.454321 0.058333 0.237037
0 0.569444 0.208642 0.133333 0.293827
0 0.579167 0.702469 0.147222 0.195062
