1 0.969444 0.293827 0.058333 0.148148
2 0.965278 0.165432 0.066667 0.108642
1 0.838194 0.044444 0.0625 0.088889
2 0.975 0.065432 0.047222 0.08642
2 0.91875 0.116049 0.084722 0.093827
0 0.849306 0.134568 0.123611 0.160494
1 0.745139 0.028395 0.051389 0.05679
1 0.675694 0.019753 0.051389 0.039506
1 0.584722 0.022222 0.052778 0.044444
2 0.743056 0.206173 0.088889 0.091358
2 0.670833 0.144444 0.058333 0.066667
0 0.625694 0.149383 0.140278 0.180247
1 0.591667 0.2 0.083333 0.133333
2 0.536806 0.123457 0.059722 0.098765
2 0.517361 0.2 0.073611 0.059259
2 0.461806 0.162963 0.079167 0.074074
1 0.495833 0.066667 0.075 0.11358
0 0.375694 0.261728 0.134722 0.162963
0 0.392361 0.341975 0.179167 0.279012
1 0.314583 0.098765 0.081944 0.118519
1 0.236806 0.064198 0.084722 0.108642
0 0.282639 0.15679 0.1125 0.091358
0 0.267361 0.197531 0.093056 0.079012
2 0.291667 0.27284 0.083333 0.091358
0 0.225 0.24321 0.075 0.214815
2 0.176389 0.28642 0.083333 0.088889
1 0.156944 0.222222 0.077778 0.103704
1 0.071528 0.251852 0.095833 0.128395
0 0.092361 0.133333 0.054167 0.118519
1 0.100694 0.046914 0.081944 0.079012
0 0.1875 0.492593 0.177778 0.175309
