1 0.54375 0.496296 0.043056 0.103704
3 0.361806 0.493827 0.051389 0.079012
3 0.5625 0.381481 0.05 0.130864
3 0.844444 0.219753 0.086111 0.103704
3 0.938889 0.31358 0.094444 0.128395
3 0.606944 0.704938 0.069444 0.130864
3 0.43125 0.960494 0.090278 0.074074
1 0.236806 0.483951 0.081944 0.153086
1 0.140972 0.21358 0.076389 0.116049
1 0.214583 0.133333 0.073611 0.088889
1 0.340972 0.291358 0.0625 0.133333
1 0.466667 0.096296 0.066667 0.11358
1 0.627083 0.222222 0.076389 0.138272
1 0.733333 0.533333 0.1 0.162963
1 0.763194 0.930864 0.123611 0.133333
1 0.740278 0.024691 0.052778 0.049383
