3 0.899306 0.592593 0.070833 0.079012
3 0.659722 0.84321 0.066667 0.08642
3 0.525694 0.958025 0.073611 0.079012
1 0.721528 0.061728 0.043056 0.079012
1 0.807639 0.365432 0.056944 0.069136
1 0.060417 0.204938 0.056944 0.088889
1 0.01875 0.492593 0.0375 0.111111
1 0.388194 0.479012 0.040278 0.064198
1 0.436806 0.432099 0.043056 0.059259
1 0.504167 0.541975 0.038889 0.08642
1 0.434722 0.639506 0.05 0.093827
1 0.605556 0.414815 0.044444 0.083951
1 0.704861 0.518519 0.051389 0.088889
1 0.738194 0.708642 0.056944 0.093827
