1 0.573611 0.397531 0.047222 0.074074
3 0.748611 0.267901 0.052778 0.091358
3 0.910417 0.850617 0.101389 0.160494
3 0.594444 0.479012 0.052778 0.079012
3 0.366667 0.675309 0.041667 0.05679
3 0.310417 0.869136 0.056944 0.093827
3 0.225 0.809877 0.061111 0.088889
1 0.272917 0.461728 0.043056 0.054321
1 0.124306 0.459259 0.056944 0.054321
1 0.195833 0.601235 0.058333 0.081481
1 0.679167 0.364198 0.05 0.101235
1 0.422917 0.414815 0.045833 0.064198
1 0.400694 0.606173 0.0375 0.071605
1 0.402778 0.681481 0.036111 0.069136
1 0.547222 0.761728 0.072222 0.120988
1 0.489583 0.875309 0.059722 0.096296
1 0.3125 0.950617 0.094444 0.093827
