3 0.953472 0.225926 0.090278 0.145679
2 0.925694 0.87284 0.145833 0.249383
0 0.931944 0.554321 0.119444 0.185185
1 0.863889 0.265432 0.088889 0.106173
2 0.903472 0.374074 0.126389 0.160494
2 0.848611 0.544444 0.122222 0.180247
2 0.786806 0.453086 0.090278 0.135802
2 0.744444 0.496296 0.061111 0.148148
0 0.688889 0.38642 0.127778 0.135802
3 0.765972 0.269136 0.123611 0.153086
2 0.688194 0.28642 0.070833 0.108642
2 0.641667 0.223457 0.102778 0.165432
2 0.580556 0.160494 0.055556 0.088889
1 0.686806 0.508642 0.104167 0.17284
1 0.608333 0.45679 0.091667 0.17284
1 0.576389 0.385185 0.077778 0.123457
2 0.574306 0.298765 0.070833 0.088889
0 0.522222 0.264198 0.072222 0.069136
2 0.515278 0.344444 0.069444 0.101235
2 0.510417 0.453086 0.0875 0.135802
2 0.463889 0.540741 0.066667 0.177778
3 0.803472 0.703704 0.220833 0.301235
0 0.679167 0.749383 0.216667 0.308642
0 0.578472 0.692593 0.134722 0.224691
0 0.528472 0.781481 0.165278 0.175309
2 0.633333 0.903704 0.105556 0.187654
1 0.538889 0.891358 0.1 0.212346
1 0.370139 0.701235 0.098611 0.17284
0 0.230556 0.85679 0.163889 0.192593
0 0.196528 0.582716 0.126389 0.207407
0 0.138889 0.7 0.097222 0.185185
2 0.217361 0.659259 0.106944 0.133333
0 0.272917 0.535802 0.1875 0.133333
0 0.422917 0.493827 0.095833 0.22716
0 0.352778 0.423457 0.113889 0.101235
0 0.350694 0.317284 0.079167 0.076543
1 0.442361 0.325926 0.081944 0.118519
1 0.516667 0.165432 0.069444 0.11358
2 0.49375 0.103704 0.0625 0.064198
0 0.478472 0.067901 0.059722 0.076543
2 0.449306 0.038272 0.065278 0.076543
2 0.410417 0.106173 0.0625 0.083951
2 0.35 0.119753 0.061111 0.111111
0 0.428472 0.207407 0.098611 0.11358
2 0.309722 0.234568 0.072222 0.074074
0 0.259722 0.201235 0.097222 0.081481
0 0.275694 0.297531 0.070833 0.096296
0 0.240278 0.333333 0.041667 0.162963
2 0.195139 0.297531 0.093056 0.125926
