2 0.5875 0.05679 0.094444 0.11358
0 0.669444 0.088889 0.125 0.11358
0 0.721528 0.064198 0.115278 0.128395
2 0.438194 0.076543 0.101389 0.153086
2 0.334722 0.097531 0.136111 0.195062
0 0.336111 0.701235 0.361111 0.592593
2 0.661806 0.181481 0.140278 0.116049
1 0.545139 0.230864 0.165278 0.244444
1 0.621528 0.362963 0.1375 0.192593
1 0.723611 0.293827 0.122222 0.202469
1 0.444444 0.562963 0.191667 0.325926
1 0.709722 0.798765 0.263889 0.397531
0 0.563194 0.648148 0.131944 0.382716
0 0.728472 0.582716 0.229167 0.311111
0 0.7875 0.366667 0.188889 0.274074
1 0.847917 0.57284 0.151389 0.251852
1 0.895139 0.304938 0.079167 0.150617
0 0.929861 0.47284 0.1375 0.224691
1 0.975 0.633333 0.047222 0.180247
1 0.964583 0.830864 0.068056 0.244444
