1 0.521528 0.42716 0.043056 0.103704
3 0.90625 0.038272 0.065278 0.076543
1 0.792361 0.054321 0.104167 0.108642
1 0.634722 0.030864 0.055556 0.061728
1 0.642361 0.135802 0.054167 0.118519
1 0.778472 0.291358 0.070833 0.133333
1 0.195139 0.558025 0.076389 0.14321
3 0.039583 0.235802 0.059722 0.076543
3 0.088889 0.42716 0.091667 0.14321
3 0.380556 0.222222 0.052778 0.103704
3 0.564583 0.277778 0.054167 0.106173
3 0.434028 0.560494 0.056944 0.093827
3 0.969444 0.776543 0.058333 0.106173
3 0.945833 0.924691 0.105556 0.145679
3 0.582639 0.892593 0.065278 0.140741
3 0.488194 0.807407 0.065278 0.118519
3 0.154167 0.764198 0.1 0.155556
3 0.119444 0.9 0.080556 0.125926
