1 0.854167 0.488889 0.058333 0.069136
1 0.906944 0.419753 0.052778 0.069136
1 0.613889 0.465432 0.041667 0.061728
1 0.222917 0.791358 0.056944 0.076543
1 0.283333 0.72716 0.047222 0.066667
1 0.333333 0.679012 0.044444 0.054321
3 0.529861 0.571605 0.054167 0.061728
3 0.569444 0.619753 0.036111 0.054321
3 0.855556 0.614815 0.041667 0.044444
3 0.913194 0.738272 0.043056 0.064198
3 0.719444 0.82716 0.052778 0.093827
3 0.594444 0.687654 0.058333 0.08642
1 0.464583 0.971605 0.098611 0.051852
1 0.408333 0.892593 0.075 0.140741
1 0.327083 0.92963 0.081944 0.135802
