1 0.825 0.682716 0.044444 0.076543
1 0.829861 0.777778 0.045833 0.088889
1 0.914583 0.722222 0.043056 0.066667
1 0.684028 0.571605 0.043056 0.061728
1 0.577083 0.346914 0.026389 0.05679
1 0.497222 0.444444 0.044444 0.069136
1 0.349306 0.271605 0.031944 0.059259
1 0.365278 0.334568 0.041667 0.066667
1 0.196528 0.562963 0.070833 0.079012
1 0.348611 0.504938 0.052778 0.08642
1 0.442361 0.754321 0.065278 0.111111
3 0.734722 0.92963 0.058333 0.091358
3 0.603472 0.932099 0.076389 0.120988
1 0.54375 0.92716 0.068056 0.111111
1 0.16875 0.97037 0.070833 0.054321
