3 0.73125 0.637037 0.0375 0.074074
3 0.653472 0.781481 0.043056 0.05679
3 0.225694 0.841975 0.059722 0.093827
3 0.552778 0.87284 0.080556 0.101235
1 0.561806 0.718519 0.068056 0.123457
1 0.525694 0.649383 0.051389 0.079012
1 0.475694 0.676543 0.051389 0.088889
1 0.28125 0.71358 0.043056 0.059259
1 0.454861 0.562963 0.029167 0.039506
1 0.420139 0.587654 0.034722 0.044444
1 0.383333 0.623457 0.036111 0.041975
3 0.652778 0.57037 0.036111 0.049383
1 0.676389 0.437037 0.033333 0.039506
1 0.858333 0.459259 0.044444 0.054321
1 0.918056 0.419753 0.041667 0.049383
