1 0.476389 0.530864 0.033333 0.069136
3 0.915972 0.811111 0.073611 0.125926
3 0.843056 0.803704 0.072222 0.120988
3 0.591667 0.917284 0.063889 0.101235
1 0.017361 0.688889 0.034722 0.083951
1 0.127083 0.733333 0.056944 0.054321
1 0.195139 0.744444 0.045833 0.071605
1 0.822917 0.47037 0.051389 0.08642
1 0.909028 0.318519 0.079167 0.11358
1 0.951389 0.471605 0.094444 0.197531
1 0.729167 0.888889 0.080556 0.158025
1 0.56875 0.802469 0.056944 0.093827
1 0.386806 0.753086 0.054167 0.093827
1 0.328472 0.974074 0.043056 0.046914
1 0.036806 0.969136 0.073611 0.05679
