1 0.439583 0.114815 0.045833 0.066667
1 0.022917 0.3 0.045833 0.091358
1 0.018056 0.525926 0.036111 0.128395
0 0.054861 0.458025 0.106944 0.160494
2 0.154861 0.501235 0.093056 0.098765
2 0.107639 0.450617 0.0625 0.071605
2 0.114583 0.374074 0.076389 0.091358
0 0.068056 0.366667 0.069444 0.111111
1 0.085417 0.304938 0.076389 0.130864
1 0.156944 0.332099 0.072222 0.130864
1 0.209028 0.333333 0.051389 0.083951
0 0.270139 0.432099 0.109722 0.138272
1 0.288194 0.345679 0.056944 0.079012
0 0.325 0.695062 0.091667 0.101235
1 0.327778 0.577778 0.075 0.103704
1 0.3625 0.493827 0.066667 0.103704
1 0.402778 0.558025 0.066667 0.11358
1 0.401389 0.419753 0.041667 0.083951
2 0.466667 0.583951 0.044444 0.081481
0 0.498611 0.646914 0.058333 0.197531
0 0.5125 0.537037 0.130556 0.066667
0 0.632639 0.619753 0.118056 0.11358
1 0.417361 0.459259 0.045833 0.088889
2 0.40625 0.371605 0.051389 0.071605
1 0.459028 0.42716 0.059722 0.11358
2 0.452083 0.282716 0.045833 0.071605
0 0.495833 0.398765 0.038889 0.061728
2 0.476389 0.448148 0.036111 0.081481
2 0.515972 0.461728 0.059722 0.064198
1 0.518056 0.271605 0.036111 0.088889
1 0.559028 0.383951 0.043056 0.076543
1 0.561111 0.475309 0.05 0.08642
1 0.584028 0.42963 0.054167 0.103704
0 0.61875 0.439506 0.045833 0.128395
2 0.570833 0.279012 0.047222 0.049383
0 0.721528 0.535802 0.0625 0.074074
2 0.688889 0.448148 0.055556 0.066667
2 0.705556 0.403704 0.044444 0.066667
2 0.73125 0.454321 0.043056 0.088889
1 0.758333 0.385185 0.061111 0.118519
0 0.804861 0.379012 0.068056 0.116049
1 0.814583 0.314815 0.056944 0.091358
1 0.853472 0.425926 0.068056 0.106173
1 0.891667 0.34321 0.055556 0.088889
0 0.863889 0.492593 0.094444 0.091358
0 0.917361 0.765432 0.123611 0.17284
