2 0.052083 0.319753 0.104167 0.140741
2 0.101389 0.930864 0.180556 0.133333
2 0.122917 0.760494 0.198611 0.281481
3 0.66875 0.82963 0.2625 0.335802
2 0.240278 0.733333 0.119444 0.241975
1 0.215972 0.944444 0.143056 0.106173
1 0.325 0.932099 0.147222 0.130864
1 0.495833 0.874074 0.188889 0.246914
2 0.460417 0.796296 0.143056 0.234568
2 0.472917 0.651852 0.118056 0.17284
0 0.324306 0.761728 0.190278 0.303704
0 0.350694 0.807407 0.151389 0.237037
3 0.233333 0.497531 0.155556 0.234568
1 0.388194 0.418519 0.098611 0.155556
3 0.428472 0.258025 0.120833 0.125926
3 0.399306 0.112346 0.101389 0.125926
2 0.463889 0.483951 0.122222 0.17284
2 0.586111 0.638272 0.141667 0.259259
0 0.627778 0.546914 0.186111 0.214815
0 0.636806 0.506173 0.093056 0.217284
1 0.740278 0.417284 0.147222 0.261728
0 0.972222 0.916049 0.052778 0.162963
2 0.840278 0.718519 0.202778 0.271605
2 0.936806 0.674074 0.123611 0.251852
2 0.870139 0.492593 0.148611 0.214815
2 0.964583 0.460494 0.068056 0.130864
0 0.549306 0.134568 0.104167 0.08642
1 0.551389 0.232099 0.108333 0.158025
2 0.829167 0.322222 0.094444 0.091358
2 0.626389 0.316049 0.116667 0.153086
2 0.704861 0.28642 0.076389 0.108642
2 0.779167 0.22716 0.088889 0.093827
2 0.764583 0.182716 0.079167 0.093827
1 0.634028 0.088889 0.095833 0.177778
1 0.694444 0.164198 0.094444 0.125926
1 0.735417 0.066667 0.098611 0.133333
1 0.809028 0.075309 0.079167 0.145679
1 0.8875 0.034568 0.088889 0.069136
0 0.91875 0.335802 0.159722 0.123457
0 0.870139 0.193827 0.123611 0.209877
1 0.979861 0.114815 0.0375 0.190123
2 0.928472 0.218519 0.065278 0.091358
0 0.957639 0.030864 0.070833 0.061728
