1 0.491667 0.108642 0.038889 0.069136
1 0.405556 0.124691 0.033333 0.066667
1 0.415972 0.916049 0.034722 0.069136
3 0.395139 0.464198 0.045833 0.083951
1 0.39375 0.682716 0.054167 0.111111
1 0.533333 0.701235 0.061111 0.103704
1 0.601389 0.225926 0.052778 0.101235
1 0.777778 0.085185 0.063889 0.125926
3 0.495139 0.511111 0.051389 0.098765
3 0.842361 0.592593 0.056944 0.093827
3 0.690278 0.465432 0.061111 0.101235
3 0.435417 0.708642 0.048611 0.088889
3 0.304167 0.724691 0.058333 0.120988
3 0.266667 0.902469 0.094444 0.185185
