0 0.746528 0.114815 0.190278 0.17037
0 0.690278 0.180247 0.191667 0.177778
2 0.648611 0.040741 0.136111 0.081481
2 0.717361 0.369136 0.215278 0.219753
1 0.604167 0.559259 0.369444 0.550617
2 0.163194 0.382716 0.270833 0.434568
2 0.345139 0.291358 0.201389 0.414815
0 0.486806 0.246914 0.143056 0.444444
2 0.568056 0.196296 0.105556 0.239506
0 0.2625 0.097531 0.161111 0.111111
0 0.091667 0.082716 0.183333 0.165432
0 0.375 0.035802 0.066667 0.071605
1 0.884722 0.6 0.227778 0.42963
1 0.822222 0.765432 0.302778 0.464198
