1 0.413889 0.895062 0.116667 0.204938
2 0.241667 0.81358 0.125 0.165432
0 0.15 0.864198 0.125 0.241975
0 0.236111 0.691358 0.155556 0.167901
0 0.324306 0.676543 0.206944 0.158025
2 0.109722 0.466667 0.077778 0.128395
2 0.211806 0.380247 0.079167 0.118519
2 0.3375 0.312346 0.083333 0.096296
0 0.352083 0.391358 0.123611 0.101235
0 0.396528 0.418519 0.106944 0.08642
0 0.475694 0.287654 0.109722 0.106173
2 0.475694 0.358025 0.076389 0.088889
2 0.382639 0.18642 0.068056 0.101235
2 0.45 0.171605 0.063889 0.08642
2 0.493056 0.106173 0.063889 0.083951
0 0.528472 0.141975 0.070833 0.081481
2 0.545139 0.18642 0.070833 0.076543
0 0.401389 0.548148 0.116667 0.123457
0 0.470833 0.67284 0.091667 0.249383
1 0.429861 0.502469 0.068056 0.066667
1 0.495139 0.440741 0.079167 0.150617
2 0.522917 0.696296 0.079167 0.192593
2 0.579861 0.588889 0.101389 0.150617
2 0.695833 0.02716 0.077778 0.049383
2 0.817361 0.041975 0.0875 0.083951
0 0.583333 0.939506 0.136111 0.116049
0 0.711806 0.876543 0.256944 0.241975
1 0.573611 0.258025 0.072222 0.120988
2 0.581944 0.454321 0.083333 0.108642
0 0.585417 0.375309 0.081944 0.093827
2 0.652083 0.42963 0.104167 0.108642
2 0.653472 0.251852 0.079167 0.098765
2 0.719444 0.344444 0.111111 0.195062
2 0.772222 0.414815 0.072222 0.138272
1 0.660417 0.525926 0.093056 0.138272
1 0.693056 0.619753 0.105556 0.177778
1 0.790278 0.687654 0.111111 0.214815
3 0.863194 0.390123 0.156944 0.197531
0 0.799306 0.514815 0.109722 0.111111
3 0.902083 0.883951 0.193056 0.22716
2 0.856944 0.67037 0.061111 0.190123
2 0.899306 0.625926 0.098611 0.155556
2 0.947917 0.730864 0.101389 0.17284
2 0.950694 0.537037 0.073611 0.145679
2 0.978472 0.528395 0.040278 0.153086
1 0.959028 0.403704 0.079167 0.116049
