3 0.241667 0.439506 0.044444 0.069136
3 0.879167 0.758025 0.144444 0.271605
3 0.556944 0.861728 0.083333 0.14321
3 0.592361 0.635802 0.056944 0.08642
3 0.447917 0.802469 0.076389 0.093827
3 0.343056 0.939506 0.094444 0.116049
3 0.265278 0.693827 0.077778 0.108642
3 0.152778 0.74321 0.088889 0.123457
1 0.093056 0.401235 0.083333 0.120988
1 0.129167 0.130864 0.052778 0.079012
1 0.693056 0.128395 0.1 0.17284
1 0.834722 0.167901 0.111111 0.17284
0 0.784028 0.576543 0.076389 0.071605
0 0.223611 0.341975 0.083333 0.091358
1 0.284722 0.077778 0.061111 0.106173
1 0.360417 0.149383 0.0625 0.111111
