0 0.159722 0.650617 0.236111 0.407407
2 0.172222 0.276543 0.136111 0.192593
2 0.390278 0.132099 0.122222 0.145679
2 0.825694 0.059259 0.1375 0.118519
2 0.68125 0.055556 0.134722 0.111111
0 0.934028 0.124691 0.0875 0.165432
0 0.949306 0.269136 0.098611 0.182716
2 0.830556 0.180247 0.144444 0.128395
2 0.920139 0.432099 0.156944 0.335802
2 0.766667 0.292593 0.197222 0.224691
2 0.597917 0.2 0.140278 0.138272
0 0.555556 0.112346 0.108333 0.175309
0 0.428472 0.319753 0.095833 0.298765
0 0.613194 0.34321 0.273611 0.251852
0 0.840278 0.612346 0.277778 0.4
2 0.661111 0.571605 0.230556 0.165432
1 0.903472 0.828395 0.190278 0.338272
0 0.642361 0.793827 0.4375 0.407407
0 0.289583 0.840741 0.345833 0.31358
