1 0.897222 0.882716 0.052778 0.096296
1 0.718056 0.34321 0.036111 0.069136
1 0.604861 0.380247 0.051389 0.093827
1 0.615972 0.841975 0.0625 0.098765
1 0.499306 0.545679 0.029167 0.074074
1 0.504861 0.62716 0.045833 0.093827
1 0.395833 0.417284 0.055556 0.088889
1 0.334028 0.416049 0.0625 0.091358
1 0.315972 0.864198 0.104167 0.17284
3 0.576389 0.962963 0.066667 0.069136
3 0.770139 0.651852 0.051389 0.074074
3 0.955556 0.760494 0.063889 0.108642
3 0.809722 0.949383 0.061111 0.096296
3 0.539583 0.582716 0.0375 0.044444
3 0.552083 0.718519 0.056944 0.103704
3 0.417361 0.819753 0.040278 0.079012
3 0.411111 0.576543 0.077778 0.096296
3 0.195139 0.454321 0.059722 0.074074
