0 0.61875 0.396296 0.051389 0.140741
2 0.090278 0.906173 0.177778 0.182716
2 0.197222 0.801235 0.141667 0.249383
2 0.316667 0.704938 0.125 0.219753
2 0.327778 0.885185 0.1 0.224691
2 0.123611 0.319753 0.116667 0.160494
2 0.579167 0.240741 0.094444 0.145679
1 0.464583 0.279012 0.0875 0.187654
1 0.527778 0.398765 0.077778 0.111111
0 0.415972 0.882716 0.120833 0.22963
2 0.490972 0.859259 0.118056 0.246914
1 0.554167 0.658025 0.125 0.195062
1 0.590972 0.802469 0.143056 0.261728
1 0.723611 0.77037 0.138889 0.271605
2 0.666667 0.618519 0.127778 0.116049
0 0.836111 0.918519 0.155556 0.158025
2 0.9375 0.762963 0.122222 0.187654
0 0.852083 0.68642 0.095833 0.251852
0 0.635417 0.475309 0.170833 0.204938
0 0.850694 0.360494 0.054167 0.093827
2 0.923611 0.353086 0.077778 0.138272
2 0.795139 0.4 0.045833 0.118519
0 0.857639 0.320988 0.073611 0.118519
2 0.75625 0.483951 0.070833 0.14321
0 0.740972 0.377778 0.079167 0.083951
0 0.872917 0.481481 0.1625 0.11358
2 0.947222 0.593827 0.102778 0.2
