3 0.763194 0.748148 0.065278 0.14321
3 0.499306 0.841975 0.0875 0.17284
1 0.932639 0.506173 0.068056 0.118519
1 0.898611 0.454321 0.066667 0.098765
1 0.922222 0.409877 0.058333 0.093827
1 0.6125 0.061728 0.041667 0.069136
1 0.496528 0.276543 0.056944 0.103704
1 0.64375 0.91358 0.076389 0.167901
1 0.567361 0.962963 0.076389 0.069136
1 0.569444 0.746914 0.069444 0.116049
1 0.556944 0.875309 0.058333 0.120988
1 0.403472 0.871605 0.079167 0.123457
1 0.390278 0.75679 0.075 0.125926
1 0.327083 0.823457 0.098611 0.17037
1 0.218056 0.706173 0.077778 0.138272
