1 0.025694 0.325926 0.051389 0.103704
1 0.065972 0.187654 0.051389 0.098765
3 0.426389 0.802469 0.1 0.148148
1 0.522222 0.676543 0.066667 0.14321
1 0.465278 0.688889 0.069444 0.11358
1 0.470833 0.595062 0.063889 0.103704
1 0.452083 0.538272 0.065278 0.088889
1 0.451389 0.461728 0.05 0.074074
1 0.493056 0.455556 0.047222 0.101235
1 0.486806 0.382716 0.051389 0.069136
1 0.431944 0.428395 0.05 0.08642
1 0.444444 0.358025 0.044444 0.064198
1 0.542361 0.306173 0.048611 0.083951
1 0.590972 0.255556 0.048611 0.071605
1 0.552083 0.232099 0.034722 0.074074
1 0.722222 0.058025 0.038889 0.05679
0 0.874306 0.239506 0.1125 0.088889
1 0.435417 0.302469 0.0375 0.061728
1 0.451389 0.251852 0.038889 0.049383
