3 0.753472 0.381481 0.140278 0.180247
2 0.452778 0.148148 0.080556 0.088889
2 0.36875 0.102469 0.068056 0.076543
1 0.761111 0.890123 0.180556 0.214815
1 0.847222 0.782716 0.161111 0.296296
1 0.663889 0.622222 0.144444 0.237037
3 0.577083 0.518519 0.140278 0.182716
3 0.349306 0.495062 0.134722 0.224691
1 0.438194 0.519753 0.101389 0.160494
2 0.415278 0.658025 0.147222 0.22963
0 0.354167 0.895062 0.194444 0.204938
2 0.279167 0.845679 0.127778 0.17037
2 0.282639 0.72963 0.106944 0.17037
2 0.185417 0.779012 0.1125 0.219753
0 0.163889 0.630864 0.113889 0.08642
0 0.193056 0.595062 0.158333 0.128395
2 0.246528 0.487654 0.095833 0.135802
2 0.209722 0.402469 0.127778 0.182716
2 0.214583 0.304938 0.106944 0.106173
2 0.066667 0.188889 0.075 0.081481
2 0.129167 0.234568 0.127778 0.083951
1 0.118056 0.283951 0.088889 0.108642
0 0.028472 0.365432 0.056944 0.148148
0 0.094444 0.404938 0.088889 0.083951
2 0.111806 0.466667 0.123611 0.11358
1 0.052083 0.641975 0.101389 0.330864
1 0.093056 0.780247 0.152778 0.316049
