0 0.355556 0.671605 0.086111 0.241975
0 0.508333 0.462963 0.144444 0.155556
2 0.731944 0.425926 0.058333 0.106173
0 0.557639 0.081481 0.073611 0.162963
0 0.499306 0.034568 0.068056 0.069136
0 0.177083 0.718519 0.065278 0.177778
0 0.245139 0.739506 0.048611 0.175309
0 0.261111 0.958025 0.158333 0.079012
0 0.366667 0.819753 0.194444 0.296296
0 0.380556 0.904938 0.119444 0.130864
1 0.522222 0.960494 0.094444 0.074074
1 0.440278 0.966667 0.094444 0.061728
1 0.479861 0.824691 0.120833 0.237037
1 0.601389 0.866667 0.119444 0.212346
2 0.69375 0.937037 0.140278 0.120988
0 0.601389 0.644444 0.136111 0.360494
1 0.557639 0.637037 0.093056 0.187654
0 0.35625 0.516049 0.129167 0.167901
0 0.463194 0.545679 0.131944 0.197531
1 0.429167 0.559259 0.063889 0.116049
0 0.395833 0.319753 0.111111 0.219753
0 0.470139 0.201235 0.095833 0.214815
1 0.705556 0.562963 0.102778 0.192593
1 0.727778 0.75679 0.147222 0.234568
1 0.614583 0.444444 0.101389 0.158025
1 0.507639 0.375309 0.093056 0.138272
0 0.638194 0.354321 0.218056 0.17037
2 0.68125 0.259259 0.131944 0.158025
0 0.795833 0.298765 0.230556 0.192593
0 0.354861 0.250617 0.070833 0.135802
0 0.326389 0.111111 0.063889 0.123457
0 0.44375 0.07037 0.076389 0.140741
1 0.559028 0.192593 0.065278 0.11358
0 0.63125 0.125926 0.2875 0.192593
1 0.657639 0.049383 0.0625 0.098765
2 0.75 0.035802 0.113889 0.071605
