1 0.069444 0.061728 0.063889 0.103704
1 0.340972 0.475309 0.084722 0.135802
0 0.129861 0.503704 0.1125 0.098765
0 0.120833 0.250617 0.102778 0.081481
0 0.125694 0.187654 0.0875 0.088889
0 0.330556 0.282716 0.080556 0.081481
0 0.530556 0.77284 0.111111 0.17284
0 0.613194 0.854321 0.098611 0.182716
0 0.547222 0.435802 0.066667 0.061728
1 0.255556 0.244444 0.052778 0.074074
1 0.332639 0.202469 0.054167 0.093827
1 0.400694 0.217284 0.045833 0.088889
1 0.592361 0.616049 0.070833 0.130864
1 0.553472 0.485185 0.043056 0.091358
