1 0.043056 0.825926 0.086111 0.269136
2 0.051389 0.507407 0.102778 0.165432
2 0.269444 0.951852 0.072222 0.091358
1 0.148611 0.628395 0.155556 0.22963
1 0.173611 0.820988 0.166667 0.195062
1 0.261111 0.690123 0.136111 0.190123
1 0.501389 0.804938 0.191667 0.330864
0 0.3625 0.909877 0.136111 0.175309
0 0.347917 0.814815 0.134722 0.217284
1 0.256944 0.47284 0.133333 0.204938
1 0.197917 0.293827 0.131944 0.197531
0 0.2375 0.197531 0.15 0.162963
0 0.052083 0.234568 0.104167 0.098765
0 0.390278 0.52716 0.180556 0.190123
1 0.3625 0.360494 0.111111 0.212346
1 0.340972 0.145679 0.106944 0.232099
2 0.450694 0.28642 0.093056 0.187654
0 0.447222 0.133333 0.194444 0.25679
0 0.658333 0.809877 0.147222 0.375309
0 0.775694 0.732099 0.206944 0.417284
0 0.596528 0.507407 0.079167 0.402469
1 0.515972 0.396296 0.115278 0.224691
1 0.656944 0.506173 0.075 0.217284
0 0.673611 0.071605 0.152778 0.138272
2 0.66875 0.183951 0.129167 0.22963
0 0.566667 0.217284 0.080556 0.237037
1 0.747222 0.193827 0.077778 0.269136
1 0.709028 0.376543 0.179167 0.155556
1 0.832639 0.462963 0.123611 0.224691
0 0.888889 0.412346 0.147222 0.528395
0 0.893056 0.74321 0.211111 0.197531
0 0.947222 0.882716 0.102778 0.185185
0 0.911806 0.088889 0.173611 0.177778
1 0.936111 0.224691 0.094444 0.217284
0 0.974306 0.483951 0.048611 0.330864
