1 0.493056 0.116049 0.041667 0.054321
1 0.177778 0.35679 0.058333 0.071605
1 0.404167 0.234568 0.052778 0.088889
1 0.955556 0.251852 0.063889 0.074074
1 0.86875 0.674074 0.051389 0.123457
1 0.671528 0.171605 0.056944 0.08642
1 0.75 0.271605 0.075 0.103704
1 0.721528 0.955556 0.068056 0.083951
1 0.229167 0.960494 0.152778 0.074074
3 0.85625 0.335802 0.076389 0.079012
3 0.847222 0.507407 0.072222 0.101235
3 0.759722 0.575309 0.058333 0.098765
3 0.788889 0.817284 0.094444 0.123457
3 0.326389 0.839506 0.063889 0.108642
3 0.153472 0.835802 0.095833 0.130864
3 0.075694 0.811111 0.081944 0.111111
