1 0.76875 0.858025 0.051389 0.101235
1 0.66875 0.717284 0.048611 0.076543
1 0.665278 0.65679 0.047222 0.054321
1 0.663889 0.617284 0.038889 0.049383
1 0.625 0.634568 0.030556 0.059259
1 0.56875 0.6 0.040278 0.054321
1 0.636111 0.882716 0.061111 0.096296
1 0.6 0.941975 0.038889 0.071605
1 0.609722 0.754321 0.041667 0.076543
1 0.541667 0.738272 0.05 0.093827
1 0.433333 0.67284 0.041667 0.081481
1 0.452778 0.885185 0.047222 0.091358
1 0.116667 0.948148 0.052778 0.098765
1 0.971528 0.587654 0.054167 0.079012
