1 0.45625 0.754321 0.131944 0.190123
2 0.535417 0.869136 0.1375 0.241975
0 0.664583 0.922222 0.098611 0.150617
0 0.71875 0.875309 0.173611 0.244444
1 0.886806 0.840741 0.215278 0.31358
2 0.727778 0.683951 0.144444 0.22716
2 0.822222 0.666667 0.097222 0.222222
2 0.950694 0.864198 0.095833 0.266667
2 0.957639 0.706173 0.079167 0.158025
0 0.978472 0.593827 0.040278 0.155556
2 0.920833 0.562963 0.136111 0.128395
2 0.888194 0.502469 0.106944 0.150617
1 0.804861 0.487654 0.1375 0.175309
1 0.871528 0.379012 0.106944 0.140741
1 0.8375 0.322222 0.102778 0.140741
1 0.934028 0.362963 0.101389 0.177778
1 0.975694 0.365432 0.045833 0.25679
1 0.641667 0.540741 0.136111 0.212346
1 0.731944 0.376543 0.105556 0.2
0 0.634028 0.379012 0.134722 0.135802
3 0.502083 0.538272 0.1375 0.158025
3 0.46875 0.348148 0.109722 0.148148
3 0.277083 0.819753 0.181944 0.316049
2 0.115278 0.567901 0.105556 0.14321
