3 0.654167 0.534568 0.061111 0.08642
3 0.63125 0.597531 0.048611 0.088889
3 0.872222 0.52716 0.052778 0.081481
3 0.909028 0.732099 0.065278 0.106173
3 0.984028 0.924691 0.029167 0.120988
3 0.522222 0.387654 0.038889 0.069136
3 0.640278 0.348148 0.058333 0.098765
3 0.850694 0.288889 0.048611 0.083951
3 0.624306 0.238272 0.034722 0.046914
3 0.515278 0.201235 0.066667 0.081481
3 0.096528 0.435802 0.043056 0.071605
3 0.315278 0.130864 0.052778 0.083951
1 0.440972 0.391358 0.068056 0.111111
1 0.438194 0.074074 0.051389 0.093827
1 0.495833 0.071605 0.055556 0.103704
1 0.805556 0.024691 0.041667 0.049383
1 0.686111 0.050617 0.038889 0.08642
1 0.694444 0.435802 0.058333 0.081481
1 0.961806 0.504938 0.051389 0.096296
3 0.410417 0.220988 0.048611 0.066667
