1 0.30625 0.049383 0.065278 0.098765
0 0.679167 0.91358 0.094444 0.138272
1 0.864583 0.808642 0.076389 0.120988
3 0.069444 0.65679 0.105556 0.158025
3 0.395139 0.353086 0.090278 0.153086
3 0.744444 0.734568 0.077778 0.130864
3 0.629861 0.749383 0.093056 0.145679
3 0.677083 0.690123 0.090278 0.140741
3 0.535417 0.687654 0.084722 0.091358
3 0.456944 0.634568 0.080556 0.128395
3 0.468056 0.546914 0.055556 0.076543
3 0.495139 0.808642 0.070833 0.130864
3 0.123611 0.787654 0.091667 0.083951
3 0.298611 0.601235 0.086111 0.135802
3 0.294444 0.396296 0.125 0.195062
