0 0.240278 0.883951 0.083333 0.22716
1 0.304167 0.708642 0.063889 0.14321
2 0.346528 0.569136 0.073611 0.135802
0 0.300694 0.864198 0.045833 0.187654
1 0.328472 0.512346 0.070833 0.130864
1 0.384722 0.419753 0.077778 0.148148
1 0.436111 0.311111 0.066667 0.128395
1 0.451389 0.469136 0.072222 0.14321
1 0.419444 0.604938 0.083333 0.103704
1 0.381944 0.683951 0.086111 0.123457
1 0.348611 0.824691 0.091667 0.167901
0 0.38125 0.940741 0.170833 0.11358
1 0.441667 0.803704 0.1 0.17037
0 0.488194 0.366667 0.0625 0.239506
0 0.463889 0.646914 0.094444 0.202469
0 0.511111 0.691358 0.075 0.28642
1 0.5 0.907407 0.102778 0.180247
1 0.588194 0.818519 0.101389 0.195062
1 0.740278 0.879012 0.138889 0.237037
1 0.66875 0.675309 0.109722 0.195062
1 0.810417 0.514815 0.140278 0.2
1 0.582639 0.595062 0.081944 0.158025
1 0.661806 0.482716 0.1125 0.195062
1 0.569444 0.487654 0.080556 0.130864
1 0.538194 0.377778 0.084722 0.162963
1 0.597917 0.295062 0.084722 0.130864
0 0.595833 0.239506 0.147222 0.158025
0 0.550694 0.219753 0.106944 0.133333
0 0.515278 0.125926 0.041667 0.177778
1 0.676389 0.293827 0.086111 0.162963
1 0.557639 0.095062 0.059722 0.130864
1 0.615972 0.119753 0.070833 0.135802
0 0.702083 0.125926 0.151389 0.251852
1 0.801389 0.169136 0.088889 0.135802
0 0.754861 0.322222 0.104167 0.22963
0 0.951389 0.083951 0.094444 0.167901
