1 0.743056 0.569136 0.075 0.17037
3 0.825 0.718519 0.038889 0.069136
3 0.783333 0.646914 0.061111 0.088889
1 0.210417 0.688889 0.045833 0.069136
1 0.672917 0.039506 0.056944 0.079012
3 0.297917 0.087654 0.045833 0.05679
3 0.04375 0.27037 0.081944 0.076543
3 0.356944 0.139506 0.055556 0.076543
3 0.3125 0.374074 0.063889 0.096296
3 0.343056 0.562963 0.05 0.079012
3 0.272222 0.519753 0.061111 0.101235
3 0.665278 0.781481 0.080556 0.135802
3 0.74375 0.865432 0.040278 0.081481
1 0.427778 0.060494 0.077778 0.111111
