1 0.582639 0.145679 0.084722 0.128395
2 0.031944 0.239506 0.063889 0.162963
2 0.098611 0.181481 0.094444 0.130864
0 0.054861 0.917284 0.106944 0.160494
2 0.170833 0.903704 0.152778 0.187654
0 0.228472 0.941975 0.204167 0.111111
0 0.138889 0.75679 0.180556 0.219753
0 0.197917 0.675309 0.154167 0.234568
2 0.284722 0.728395 0.133333 0.251852
1 0.408333 0.858025 0.227778 0.279012
1 0.467361 0.666667 0.134722 0.232099
1 0.396528 0.602469 0.134722 0.237037
1 0.705556 0.844444 0.180556 0.306173
0 0.847222 0.844444 0.175 0.306173
0 0.85 0.550617 0.230556 0.380247
0 0.634722 0.697531 0.255556 0.249383
1 0.709722 0.490123 0.166667 0.269136
1 0.365972 0.424691 0.115278 0.182716
0 0.582639 0.566667 0.154167 0.2
1 0.515278 0.446914 0.116667 0.212346
0 0.527083 0.42963 0.193056 0.162963
2 0.709028 0.303704 0.1375 0.17284
2 0.847222 0.249383 0.138889 0.162963
0 0.439583 0.382716 0.073611 0.251852
0 0.348611 0.25679 0.044444 0.158025
1 0.39375 0.214815 0.084722 0.162963
1 0.442361 0.177778 0.101389 0.138272
1 0.509028 0.251852 0.098611 0.162963
1 0.603472 0.260494 0.106944 0.214815
1 0.670139 0.180247 0.095833 0.162963
1 0.779861 0.138272 0.079167 0.11358
2 0.577083 0.114815 0.101389 0.135802
0 0.420833 0.1 0.066667 0.091358
1 0.443056 0.053086 0.097222 0.106173
1 0.534722 0.055556 0.083333 0.111111
0 0.860417 0.151852 0.101389 0.160494
1 0.893056 0.046914 0.094444 0.093827
0 0.963194 0.055556 0.068056 0.111111
