3 0.859028 0.169136 0.090278 0.125926
1 0.746528 0.206173 0.054167 0.081481
1 0.736806 0.796296 0.056944 0.101235
1 0.661111 0.719753 0.063889 0.116049
1 0.539583 0.582716 0.043056 0.064198
1 0.48125 0.601235 0.045833 0.081481
1 0.489583 0.479012 0.034722 0.054321
1 0.454861 0.507407 0.043056 0.071605
1 0.439583 0.645679 0.040278 0.076543
1 0.403472 0.608642 0.040278 0.076543
1 0.40625 0.717284 0.043056 0.071605
1 0.279861 0.898765 0.048611 0.079012
1 0.333333 0.471605 0.044444 0.083951
1 0.305556 0.637037 0.047222 0.079012
3 0.451389 0.792593 0.077778 0.123457
1 0.554861 0.139506 0.054167 0.091358
