0 0.627778 0.455556 0.216667 0.402469
1 0.043056 0.37284 0.086111 0.207407
0 0.064583 0.507407 0.104167 0.293827
0 0.098611 0.688889 0.194444 0.335802
1 0.096528 0.822222 0.168056 0.271605
0 0.2625 0.85679 0.252778 0.281481
2 0.227778 0.675309 0.1 0.125926
0 0.38125 0.740741 0.206944 0.237037
0 0.316667 0.537037 0.286111 0.274074
0 0.431944 0.646914 0.119444 0.182716
1 0.169444 0.41358 0.125 0.209877
0 0.177778 0.279012 0.208333 0.197531
1 0.090972 0.190123 0.109722 0.167901
1 0.179861 0.17037 0.126389 0.212346
1 0.286111 0.416049 0.111111 0.155556
1 0.271528 0.211111 0.106944 0.175309
1 0.434722 0.290123 0.155556 0.308642
2 0.314583 0.137037 0.118056 0.091358
0 0.4125 0.909877 0.280556 0.175309
0 0.579861 0.775309 0.123611 0.444444
0 0.702083 0.891358 0.131944 0.212346
2 0.510417 0.616049 0.093056 0.264198
1 0.576389 0.444444 0.166667 0.202469
1 0.497917 0.107407 0.129167 0.214815
1 0.64375 0.198765 0.131944 0.224691
2 0.591667 0.158025 0.086111 0.177778
2 0.614583 0.049383 0.109722 0.098765
2 0.702778 0.092593 0.097222 0.155556
1 0.797917 0.290123 0.120833 0.165432
2 0.764583 0.071605 0.106944 0.14321
0 0.802778 0.07037 0.141667 0.140741
0 0.85625 0.169136 0.165278 0.140741
0 0.878472 0.348148 0.115278 0.311111
0 0.911111 0.45679 0.175 0.311111
0 0.953472 0.640741 0.090278 0.283951
0 0.902778 0.819753 0.191667 0.241975
0 0.956944 0.197531 0.083333 0.380247
