0 0.811111 0.139506 0.088889 0.066667
1 0.535417 0.561728 0.034722 0.08642
1 0.683333 0.585185 0.080556 0.128395
1 0.613194 0.322222 0.056944 0.120988
1 0.715972 0.138272 0.054167 0.079012
1 0.474306 0.203704 0.056944 0.101235
1 0.255556 0.234568 0.061111 0.079012
1 0.191667 0.293827 0.061111 0.093827
1 0.266667 0.522222 0.072222 0.125926
1 0.354861 0.379012 0.051389 0.111111
3 0.419444 0.953086 0.088889 0.088889
3 0.58125 0.748148 0.068056 0.11358
3 0.864583 0.41358 0.076389 0.106173
3 0.791667 0.333333 0.069444 0.079012
3 0.370833 0.550617 0.047222 0.079012
3 0.554861 0.458025 0.048611 0.101235
