0 0.065278 0.264198 0.130556 0.133333
1 0.106944 0.749383 0.147222 0.204938
1 0.0875 0.912346 0.15 0.17037
1 0.079167 0.520988 0.127778 0.192593
1 0.18125 0.541975 0.115278 0.195062
1 0.251389 0.688889 0.130556 0.237037
1 0.241667 0.903704 0.125 0.187654
2 0.341667 0.785185 0.125 0.232099
1 0.329167 0.551852 0.105556 0.160494
1 0.288889 0.419753 0.102778 0.158025
1 0.239583 0.32716 0.104167 0.175309
1 0.338194 0.307407 0.081944 0.155556
1 0.366667 0.235802 0.088889 0.145679
1 0.415278 0.385185 0.086111 0.167901
1 0.4625 0.111111 0.086111 0.14321
1 0.501389 0.207407 0.091667 0.138272
1 0.516667 0.301235 0.091667 0.158025
1 0.497222 0.461728 0.102778 0.182716
1 0.43125 0.591358 0.106944 0.185185
1 0.440278 0.860494 0.127778 0.259259
1 0.568056 0.866667 0.122222 0.232099
1 0.602083 0.359259 0.098611 0.155556
1 0.60625 0.491358 0.104167 0.162963
1 0.595139 0.648148 0.106944 0.180247
1 0.699306 0.741975 0.134722 0.239506
