1 0.442361 0.864198 0.093056 0.17284
1 0.166667 0.92963 0.125 0.135802
3 0.261806 0.961728 0.073611 0.071605
3 0.648611 0.860494 0.061111 0.096296
3 0.686111 0.697531 0.063889 0.120988
3 0.870139 0.532099 0.079167 0.125926
3 0.680556 0.367901 0.055556 0.049383
3 0.718056 0.416049 0.05 0.061728
3 0.6625 0.48642 0.069444 0.064198
3 0.159028 0.730864 0.059722 0.11358
3 0.331944 0.744444 0.044444 0.051852
3 0.034028 0.681481 0.051389 0.093827
1 0.106944 0.554321 0.080556 0.081481
1 0.241667 0.524691 0.058333 0.061728
1 0.317361 0.491358 0.059722 0.074074
1 0.147917 0.483951 0.051389 0.059259
1 0.520139 0.764198 0.076389 0.125926
1 0.519444 0.920988 0.102778 0.153086
1 0.538889 0.41358 0.077778 0.106173
1 0.797917 0.37284 0.095833 0.123457
1 0.780556 0.093827 0.041667 0.074074
1 0.598611 0.041975 0.036111 0.083951
