1 0.69375 0.023457 0.0375 0.046914
1 0.891667 0.896296 0.052778 0.069136
1 0.942361 0.932099 0.051389 0.08642
1 0.680556 0.84321 0.044444 0.091358
1 0.725 0.387654 0.044444 0.088889
1 0.5125 0.583951 0.038889 0.071605
1 0.581944 0.385185 0.052778 0.074074
1 0.492361 0.765432 0.059722 0.083951
3 0.390278 0.251852 0.063889 0.098765
1 0.4 0.024691 0.047222 0.049383
1 0.315278 0.062963 0.05 0.076543
1 0.067361 0.146914 0.076389 0.125926
1 0.052778 0.828395 0.077778 0.101235
1 0.163889 0.238272 0.066667 0.120988
