3 0.641667 0.2 0.044444 0.093827
3 0.520833 0.414815 0.05 0.059259
1 0.499306 0.354321 0.051389 0.061728
1 0.357639 0.382716 0.054167 0.088889
1 0.58125 0.302469 0.051389 0.111111
1 0.377083 0.823457 0.070833 0.120988
1 0.435417 0.806173 0.068056 0.096296
1 0.486111 0.683951 0.061111 0.108642
1 0.338889 0.577778 0.047222 0.074074
1 0.347222 0.641975 0.041667 0.069136
1 0.058333 0.47037 0.055556 0.05679
1 0.134028 0.587654 0.059722 0.069136
1 0.242361 0.912346 0.079167 0.130864
3 0.304167 0.622222 0.052778 0.059259
3 0.251389 0.802469 0.063889 0.074074
3 0.168056 0.762963 0.058333 0.079012
3 0.924306 0.219753 0.081944 0.118519
3 0.786806 0.695062 0.079167 0.116049
