0 0.096528 0.880247 0.134722 0.234568
2 0.171528 0.87037 0.123611 0.160494
2 0.183333 0.944444 0.116667 0.106173
2 0.088889 0.697531 0.108333 0.155556
1 0.058333 0.628395 0.116667 0.125926
0 0.177083 0.397531 0.129167 0.11358
1 0.097222 0.481481 0.125 0.153086
1 0.169444 0.57037 0.086111 0.133333
1 0.243056 0.581481 0.094444 0.125926
1 0.221528 0.471605 0.101389 0.153086
1 0.163889 0.709877 0.136111 0.145679
1 0.316667 0.517284 0.086111 0.160494
1 0.301389 0.762963 0.113889 0.217284
1 0.373611 0.739506 0.086111 0.219753
2 0.36875 0.583951 0.095833 0.160494
2 0.449306 0.464198 0.129167 0.202469
0 0.40625 0.377778 0.1125 0.177778
0 0.483333 0.766667 0.172222 0.377778
0 0.511111 0.68642 0.069444 0.28642
2 0.595833 0.640741 0.127778 0.22963
2 0.677778 0.745679 0.111111 0.271605
1 0.74375 0.882716 0.140278 0.2
2 0.6375 0.508642 0.113889 0.153086
2 0.6875 0.41358 0.1 0.17037
2 0.854861 0.276543 0.115278 0.103704
1 0.783333 0.682716 0.141667 0.254321
1 0.858333 0.580247 0.138889 0.22716
0 0.9125 0.423457 0.086111 0.140741
2 0.925694 0.604938 0.059722 0.222222
2 0.96875 0.667901 0.059722 0.219753
2 0.769444 0.339506 0.105556 0.17037
2 0.821528 0.444444 0.090278 0.133333
2 0.966667 0.462963 0.063889 0.096296
1 0.897917 0.128395 0.081944 0.118519
1 0.955556 0.290123 0.075 0.145679
0 0.965972 0.161728 0.065278 0.155556
1 0.823611 0.064198 0.088889 0.128395
2 0.905556 0.02963 0.094444 0.059259
2 0.507639 0.103704 0.093056 0.128395
3 0.034722 0.307407 0.069444 0.160494
