1 0.495139 0.162963 0.0625 0.118519
3 0.534028 0.08642 0.040278 0.079012
3 0.569444 0.062963 0.038889 0.071605
3 0.681944 0.845679 0.083333 0.160494
3 0.934722 0.251852 0.108333 0.128395
3 0.613889 0.460494 0.061111 0.125926
3 0.40625 0.609877 0.051389 0.088889
1 0.275694 0.616049 0.084722 0.165432
1 0.175694 0.339506 0.065278 0.111111
1 0.244444 0.249383 0.063889 0.083951
1 0.379167 0.407407 0.066667 0.138272
1 0.679167 0.293827 0.075 0.148148
1 0.829861 0.641975 0.095833 0.177778
1 0.786806 0.039506 0.070833 0.079012
1 0.597917 0.587654 0.056944 0.118519
