0 0.224306 0.708642 0.051389 0.098765
1 0.142361 0.92716 0.1125 0.140741
1 0.768056 0.179012 0.102778 0.17037
1 0.78125 0.474074 0.073611 0.148148
1 0.610417 0.311111 0.059722 0.123457
1 0.591667 0.187654 0.055556 0.108642
1 0.216667 0.051852 0.055556 0.103704
1 0.025694 0.169136 0.051389 0.165432
3 0.352778 0.075309 0.058333 0.081481
3 0.878472 0.161728 0.0625 0.096296
3 0.030556 0.81358 0.061111 0.195062
3 0.336806 0.477778 0.056944 0.106173
3 0.543056 0.483951 0.05 0.11358
3 0.421528 0.867901 0.065278 0.130864
3 0.35625 0.674074 0.054167 0.088889
