1 0.496528 0.420988 0.065278 0.120988
1 0.427778 0.408642 0.063889 0.106173
3 0.882639 0.314815 0.098611 0.106173
1 0.379861 0.154321 0.040278 0.061728
1 0.265972 0.346914 0.056944 0.101235
1 0.368056 0.465432 0.066667 0.106173
1 0.646528 0.250617 0.0625 0.116049
1 0.766667 0.324691 0.055556 0.071605
1 0.955556 0.460494 0.086111 0.150617
1 0.628472 0.680247 0.068056 0.096296
3 0.716667 0.937037 0.086111 0.120988
1 0.597917 0.937037 0.059722 0.111111
1 0.485417 0.937037 0.084722 0.120988
1 0.3875 0.975309 0.091667 0.044444
1 0.384028 0.841975 0.095833 0.187654
1 0.270139 0.933333 0.059722 0.108642
1 0.11875 0.924691 0.084722 0.135802
