3 0.611806 0.365432 0.048611 0.054321
3 0.278472 0.717284 0.045833 0.051852
1 0.106944 0.91358 0.119444 0.148148
3 0.198611 0.922222 0.088889 0.106173
1 0.453472 0.72716 0.076389 0.130864
1 0.468056 0.902469 0.088889 0.175309
1 0.181944 0.514815 0.069444 0.061728
1 0.036806 0.538272 0.073611 0.083951
1 0.474306 0.402469 0.073611 0.103704
1 0.714583 0.371605 0.084722 0.111111
1 0.96875 0.149383 0.059722 0.145679
3 0.777083 0.511111 0.090278 0.079012
1 0.395833 0.825926 0.069444 0.130864
1 0.252778 0.487654 0.047222 0.066667
3 0.598611 0.460494 0.077778 0.071605
3 0.6125 0.653086 0.058333 0.106173
