1 0.265278 0.932099 0.108333 0.130864
0 0.270833 0.801235 0.108333 0.195062
2 0.376389 0.920988 0.122222 0.153086
1 0.482639 0.904938 0.123611 0.185185
1 0.525 0.761728 0.1 0.195062
1 0.4375 0.783951 0.086111 0.2
1 0.338194 0.77284 0.070833 0.14321
1 0.274306 0.675309 0.056944 0.135802
0 0.313194 0.690123 0.076389 0.2
2 0.394444 0.632099 0.091667 0.187654
1 0.351389 0.471605 0.091667 0.182716
1 0.385417 0.354321 0.081944 0.125926
1 0.4625 0.566667 0.108333 0.190123
1 0.579167 0.567901 0.102778 0.192593
1 0.663889 0.437037 0.130556 0.222222
0 0.395833 0.218519 0.041667 0.17037
1 0.445139 0.218519 0.081944 0.145679
1 0.411806 0.069136 0.059722 0.138272
1 0.511111 0.035802 0.091667 0.071605
0 0.450694 0.079012 0.054167 0.138272
0 0.470833 0.366667 0.094444 0.190123
0 0.572222 0.260494 0.138889 0.111111
2 0.518056 0.235802 0.094444 0.190123
2 0.691667 0.312346 0.127778 0.165432
2 0.575 0.12963 0.083333 0.160494
0 0.602778 0.122222 0.1 0.224691
1 0.690278 0.087654 0.119444 0.175309
1 0.81875 0.216049 0.145833 0.249383
2 0.761111 0.544444 0.152778 0.264198
