2 0.949306 0.181481 0.098611 0.180247
1 0.922222 0.398765 0.152778 0.402469
1 0.811806 0.096296 0.209722 0.192593
0 0.838889 0.485185 0.213889 0.585185
1 0.779167 0.861728 0.208333 0.271605
0 0.670833 0.698765 0.283333 0.212346
1 0.688194 0.47037 0.104167 0.303704
2 0.6875 0.191358 0.130556 0.308642
1 0.56875 0.291358 0.159722 0.320988
1 0.519444 0.079012 0.130556 0.158025
1 0.450694 0.177778 0.151389 0.261728
2 0.5375 0.567901 0.166667 0.232099
2 0.466667 0.438272 0.069444 0.264198
2 0.257639 0.097531 0.159722 0.195062
1 0.38125 0.369136 0.165278 0.279012
1 0.179861 0.267901 0.148611 0.264198
1 0.414583 0.687654 0.140278 0.244444
1 0.529167 0.839506 0.188889 0.266667
0 0.181944 0.81358 0.111111 0.367901
0 0.293056 0.739506 0.147222 0.446914
2 0.176389 0.941975 0.105556 0.111111
2 0.129167 0.762963 0.080556 0.25679
0 0.105556 0.592593 0.158333 0.306173
1 0.047917 0.31358 0.095833 0.232099
