3 0.4 0.661728 0.038889 0.059259
1 0.091667 0.94321 0.063889 0.108642
1 0.964583 0.644444 0.068056 0.103704
1 0.765972 0.651852 0.051389 0.088889
1 0.760417 0.48642 0.048611 0.064198
1 0.669444 0.641975 0.041667 0.069136
1 0.679861 0.55679 0.040278 0.061728
1 0.745139 0.561728 0.040278 0.061728
3 0.765278 0.719753 0.047222 0.076543
3 0.834722 0.839506 0.066667 0.098765
1 0.086806 0.590123 0.059722 0.064198
3 0.848611 0.58642 0.055556 0.061728
1 0.666667 0.197531 0.036111 0.054321
1 0.867361 0.27284 0.0375 0.066667
