0 0.840972 0.845679 0.248611 0.303704
0 0.711806 0.741975 0.151389 0.249383
0 0.720833 0.555556 0.177778 0.232099
0 0.044444 0.692593 0.088889 0.180247
0 0.126389 0.576543 0.1 0.145679
2 0.132639 0.64321 0.079167 0.185185
1 0.027778 0.871605 0.055556 0.162963
0 0.075694 0.823457 0.070833 0.259259
0 0.1 0.930864 0.2 0.133333
1 0.136111 0.85679 0.077778 0.123457
1 0.234028 0.766667 0.0875 0.224691
0 0.231944 0.944444 0.097222 0.106173
0 0.320833 0.945679 0.094444 0.103704
0 0.174306 0.734568 0.101389 0.150617
0 0.181944 0.623457 0.058333 0.190123
0 0.315972 0.848148 0.148611 0.135802
0 0.2875 0.707407 0.052778 0.214815
0 0.447222 0.709877 0.138889 0.358025
0 0.531944 0.666667 0.163889 0.281481
1 0.364583 0.711111 0.090278 0.177778
2 0.413194 0.612346 0.073611 0.103704
0 0.332639 0.637037 0.079167 0.212346
0 0.43125 0.523457 0.170833 0.162963
1 0.230556 0.569136 0.091667 0.145679
1 0.322222 0.54321 0.097222 0.14321
0 0.254167 0.47284 0.088889 0.106173
1 0.272222 0.407407 0.111111 0.128395
0 0.338194 0.441975 0.090278 0.118519
2 0.167361 0.196296 0.0625 0.08642
0 0.170833 0.365432 0.077778 0.17284
0 0.265972 0.225926 0.093056 0.155556
0 0.313194 0.188889 0.104167 0.160494
2 0.365278 0.061728 0.072222 0.064198
0 0.305556 0.093827 0.077778 0.079012
1 0.350694 0.37037 0.076389 0.14321
1 0.404861 0.423457 0.101389 0.135802
1 0.440972 0.309877 0.145833 0.145679
0 0.514583 0.437037 0.109722 0.158025
2 0.560417 0.448148 0.084722 0.150617
0 0.627083 0.377778 0.084722 0.192593
1 0.467361 0.204938 0.093056 0.138272
2 0.528472 0.177778 0.076389 0.162963
2 0.504167 0.102469 0.075 0.076543
1 0.574306 0.314815 0.1125 0.165432
0 0.901389 0.440741 0.194444 0.130864
0 0.841667 0.307407 0.186111 0.145679
0 0.618056 0.276543 0.197222 0.128395
1 0.591667 0.164198 0.091667 0.145679
1 0.675694 0.140741 0.076389 0.133333
0 0.564583 0.098765 0.076389 0.083951
0 0.781944 0.130864 0.177778 0.232099
0 0.778472 0.167901 0.126389 0.187654
0 0.723611 0.085185 0.047222 0.071605
0 0.750694 0.039506 0.054167 0.079012
0 0.6875 0.046914 0.083333 0.093827
0 0.476389 0.034568 0.122222 0.069136
0 0.544444 0.041975 0.066667 0.083951
0 0.613889 0.04321 0.127778 0.08642
