0 0.107639 0.706173 0.2125 0.390123
2 0.035417 0.359259 0.070833 0.135802
2 0.030556 0.212346 0.061111 0.162963
0 0.113889 0.382716 0.152778 0.108642
0 0.124306 0.459259 0.193056 0.093827
0 0.241667 0.285185 0.091667 0.135802
2 0.1875 0.2 0.088889 0.069136
0 0.149306 0.158025 0.090278 0.088889
2 0.159722 0.518519 0.177778 0.177778
2 0.301389 0.406173 0.127778 0.17037
1 0.400694 0.516049 0.123611 0.222222
1 0.473611 0.365432 0.138889 0.241975
0 0.368056 0.637037 0.163889 0.380247
2 0.308333 0.724691 0.086111 0.22963
0 0.225694 0.71358 0.104167 0.340741
0 0.328472 0.914815 0.284722 0.165432
0 0.524306 0.779012 0.126389 0.437037
0 0.791667 0.92963 0.175 0.135802
1 0.335417 0.167901 0.106944 0.17284
2 0.378472 0.116049 0.101389 0.079012
0 0.61875 0.48642 0.204167 0.192593
2 0.61875 0.559259 0.143056 0.111111
2 0.592361 0.339506 0.118056 0.106173
0 0.421528 0.240741 0.1125 0.140741
2 0.477778 0.275309 0.127778 0.076543
2 0.513889 0.198765 0.116667 0.111111
2 0.440972 0.118519 0.0625 0.074074
2 0.50625 0.087654 0.115278 0.130864
1 0.601389 0.198765 0.105556 0.185185
1 0.785417 0.712346 0.181944 0.293827
1 0.867361 0.512346 0.179167 0.249383
2 0.94375 0.587654 0.109722 0.202469
0 0.904861 0.420988 0.1875 0.145679
0 0.842361 0.35679 0.181944 0.111111
0 0.797917 0.293827 0.181944 0.148148
1 0.681944 0.177778 0.091667 0.187654
1 0.764583 0.165432 0.109722 0.177778
3 0.870139 0.17037 0.159722 0.177778
1 0.623611 0.022222 0.072222 0.044444
2 0.692361 0.034568 0.101389 0.069136
2 0.779861 0.059259 0.081944 0.098765
0 0.829167 0.051852 0.080556 0.103704
1 0.879167 0.037037 0.072222 0.074074
2 0.941667 0.040741 0.113889 0.081481
2 0.944444 0.108642 0.108333 0.118519
