2 0.197222 0.701235 0.119444 0.232099
0 0.35625 0.260494 0.0875 0.140741
1 0.113194 0.561728 0.179167 0.264198
1 0.054861 0.844444 0.109722 0.271605
0 0.229861 0.838272 0.184722 0.318519
0 0.217361 0.781481 0.179167 0.328395
0 0.293056 0.41358 0.208333 0.2
2 0.269444 0.5 0.091667 0.111111
2 0.348611 0.534568 0.116667 0.234568
2 0.261111 0.297531 0.111111 0.17037
2 0.239583 0.224691 0.070833 0.217284
2 0.320139 0.145679 0.106944 0.133333
1 0.453472 0.183951 0.109722 0.244444
2 0.442361 0.402469 0.098611 0.232099
0 0.444444 0.7 0.205556 0.34321
0 0.586806 0.464198 0.204167 0.276543
2 0.572222 0.725926 0.191667 0.330864
2 0.752083 0.788889 0.223611 0.358025
0 0.602083 0.228395 0.195833 0.165432
2 0.540278 0.138272 0.1 0.167901
0 0.565278 0.081481 0.083333 0.162963
1 0.651389 0.064198 0.136111 0.128395
1 0.743056 0.288889 0.15 0.212346
1 0.913889 0.380247 0.169444 0.325926
