1 0.684028 0.780247 0.095833 0.162963
1 0.815278 0.569136 0.1 0.155556
1 0.719444 0.25679 0.058333 0.108642
3 0.769444 0.21358 0.033333 0.066667
1 0.497917 0.176543 0.059722 0.101235
1 0.356944 0.481481 0.055556 0.098765
3 0.579167 0.023457 0.066667 0.046914
3 0.441667 0.392593 0.052778 0.064198
3 0.679167 0.638272 0.058333 0.106173
3 0.595833 0.28642 0.075 0.128395
3 0.634028 0.22716 0.051389 0.098765
3 0.986111 0.37037 0.025 0.059259
3 0.921528 0.412346 0.070833 0.098765
3 0.927778 0.509877 0.05 0.071605
3 0.96875 0.818519 0.059722 0.145679
