3 0.175 0.846914 0.108333 0.187654
3 0.107639 0.909877 0.084722 0.140741
1 0.972222 0.524691 0.052778 0.111111
1 0.942361 0.697531 0.095833 0.160494
1 0.602778 0.145679 0.061111 0.118519
1 0.0625 0.237037 0.097222 0.202469
1 0.220139 0.669136 0.079167 0.148148
1 0.045833 0.95679 0.083333 0.081481
3 0.929861 0.367901 0.0625 0.079012
3 0.920833 0.474074 0.061111 0.088889
3 0.502083 0.55679 0.084722 0.140741
3 0.232639 0.445679 0.129167 0.145679
3 0.173611 0.581481 0.102778 0.165432
3 0.371528 0.298765 0.051389 0.069136
1 0.458333 0.202469 0.066667 0.118519
