3 0.886806 0.625926 0.068056 0.08642
3 0.672222 0.860494 0.044444 0.081481
3 0.547222 0.95679 0.066667 0.081481
1 0.627083 0.116049 0.0375 0.064198
1 0.526389 0.582716 0.038889 0.074074
1 0.647917 0.733333 0.0375 0.074074
1 0.078472 0.479012 0.084722 0.098765
1 0.461806 0.483951 0.040278 0.059259
1 0.422222 0.524691 0.038889 0.066667
1 0.461111 0.666667 0.047222 0.083951
1 0.623611 0.483951 0.044444 0.083951
1 0.805556 0.437037 0.044444 0.064198
1 0.710417 0.567901 0.054167 0.088889
1 0.740278 0.719753 0.052778 0.08642
