1 0.917361 0.090123 0.1625 0.180247
0 0.7625 0.030864 0.088889 0.061728
0 0.7375 0.095062 0.133333 0.101235
0 0.790278 0.203704 0.186111 0.204938
0 0.903472 0.325926 0.190278 0.212346
2 0.910417 0.483951 0.176389 0.276543
2 0.680556 0.206173 0.1 0.185185
2 0.6 0.123457 0.127778 0.153086
2 0.496528 0.061728 0.109722 0.118519
0 0.359028 0.141975 0.084722 0.224691
0 0.4875 0.151852 0.169444 0.175309
0 0.5875 0.276543 0.119444 0.202469
1 0.738194 0.332099 0.2125 0.274074
1 0.585417 0.438272 0.120833 0.22963
2 0.897917 0.823457 0.201389 0.323457
2 0.722917 0.860494 0.190278 0.274074
0 0.734722 0.71358 0.447222 0.558025
0 0.4625 0.448148 0.158333 0.34321
0 0.145139 0.325926 0.159722 0.237037
0 0.201389 0.450617 0.161111 0.17037
2 0.163194 0.087654 0.123611 0.155556
2 0.070139 0.888889 0.140278 0.217284
0 0.280556 0.591358 0.438889 0.283951
