0 0.159028 0.301235 0.076389 0.14321
0 0.045139 0.787654 0.090278 0.409877
0 0.178472 0.676543 0.101389 0.276543
0 0.120139 0.687654 0.0875 0.224691
0 0.198611 0.888889 0.163889 0.217284
1 0.295139 0.919753 0.093056 0.155556
2 0.663889 0.944444 0.166667 0.106173
2 0.552778 0.871605 0.105556 0.251852
2 0.471528 0.967901 0.140278 0.059259
2 0.46875 0.82716 0.098611 0.251852
1 0.424306 0.712346 0.120833 0.239506
0 0.351389 0.628395 0.180556 0.195062
1 0.354167 0.511111 0.105556 0.192593
0 0.234722 0.402469 0.144444 0.212346
0 0.268056 0.469136 0.119444 0.123457
0 0.367361 0.291358 0.126389 0.162963
2 0.567361 0.549383 0.070833 0.234568
1 0.508333 0.558025 0.108333 0.237037
1 0.484028 0.437037 0.101389 0.153086
1 0.429167 0.35679 0.077778 0.195062
2 0.64375 0.259259 0.115278 0.207407
2 0.561111 0.285185 0.072222 0.101235
1 0.486111 0.304938 0.097222 0.140741
1 0.566667 0.177778 0.094444 0.138272
1 0.463194 0.188889 0.095833 0.155556
0 0.383333 0.18642 0.141667 0.180247
0 0.305556 0.134568 0.061111 0.101235
0 0.344444 0.059259 0.102778 0.118519
1 0.420139 0.049383 0.056944 0.098765
0 0.463194 0.045679 0.095833 0.091358
1 0.534028 0.07037 0.073611 0.140741
0 0.579861 0.058025 0.073611 0.116049
1 0.674306 0.079012 0.115278 0.158025
