0 0.965972 0.55679 0.065278 0.091358
1 0.33125 0.566667 0.043056 0.076543
1 0.2875 0.44321 0.041667 0.066667
1 0.291667 0.383951 0.038889 0.061728
1 0.35 0.220988 0.036111 0.071605
1 0.440972 0.040741 0.045833 0.081481
1 0.532639 0.083951 0.048611 0.079012
3 0.621528 0.069136 0.056944 0.088889
1 0.673611 0.119753 0.047222 0.08642
1 0.883333 0.553086 0.077778 0.108642
1 0.56875 0.614815 0.059722 0.123457
1 0.452083 0.949383 0.059722 0.096296
1 0.784028 0.891358 0.0875 0.17284
3 0.604861 0.538272 0.048611 0.079012
3 0.640972 0.520988 0.045833 0.074074
1 0.322917 0.796296 0.065278 0.101235
1 0.250694 0.912346 0.076389 0.130864
1 0.773611 0.383951 0.047222 0.076543
3 0.806944 0.214815 0.05 0.118519
