1 0.929167 0.581481 0.038889 0.066667
1 0.831944 0.804938 0.05 0.103704
1 0.832639 0.620988 0.051389 0.081481
1 0.709028 0.411111 0.045833 0.066667
1 0.532639 0.244444 0.040278 0.079012
1 0.392361 0.050617 0.0375 0.061728
1 0.40625 0.119753 0.043056 0.05679
1 0.386111 0.266667 0.052778 0.103704
1 0.240278 0.290123 0.058333 0.051852
1 0.309722 0.530864 0.072222 0.093827
1 0.559722 0.679012 0.061111 0.093827
1 0.463194 0.52963 0.068056 0.120988
3 0.729861 0.720988 0.059722 0.088889
3 0.702778 0.790123 0.069444 0.123457
3 0.613194 0.697531 0.070833 0.116049
3 0.513889 0.967901 0.069444 0.059259
3 0.328472 0.734568 0.0625 0.106173
3 0.286111 0.944444 0.088889 0.106173
3 0.045833 0.961728 0.088889 0.071605
