3 0.585417 0.54321 0.0375 0.069136
1 0.659028 0.098765 0.0375 0.074074
3 0.048611 0.544444 0.094444 0.101235
3 0.159722 0.535802 0.097222 0.093827
3 0.339583 0.592593 0.051389 0.088889
3 0.629861 0.397531 0.054167 0.079012
3 0.577778 0.346914 0.052778 0.091358
3 0.707639 0.237037 0.048611 0.069136
3 0.584722 0.145679 0.038889 0.069136
1 0.273611 0.816049 0.097222 0.180247
1 0.107639 0.450617 0.095833 0.130864
1 0.151389 0.253086 0.05 0.076543
1 0.481944 0.354321 0.038889 0.08642
1 0.526389 0.376543 0.033333 0.076543
1 0.692361 0.885185 0.079167 0.140741
1 0.884722 0.748148 0.080556 0.167901
3 0.975 0.785185 0.047222 0.167901
3 0.815972 0.918519 0.081944 0.133333
3 0.756944 0.823457 0.080556 0.116049
