3 0.972222 0.760494 0.052778 0.103704
1 0.050694 0.209877 0.070833 0.098765
1 0.513889 0.311111 0.091667 0.14321
1 0.621528 0.592593 0.056944 0.128395
1 0.353472 0.759259 0.068056 0.125926
1 0.186806 0.718519 0.093056 0.138272
3 0.560417 0.262963 0.065278 0.096296
3 0.390972 0.195062 0.065278 0.083951
3 0.408333 0.282716 0.066667 0.106173
3 0.116667 0.31358 0.063889 0.088889
3 0.325 0.95679 0.063889 0.081481
3 0.831944 0.634568 0.083333 0.11358
3 0.760417 0.85679 0.070833 0.11358
0 0.6875 0.796296 0.091667 0.209877
