3 0.066667 0.816049 0.061111 0.076543
3 0.867361 0.709877 0.065278 0.111111
3 0.803472 0.717284 0.065278 0.106173
3 0.588889 0.861728 0.055556 0.079012
1 0.213889 0.720988 0.038889 0.059259
1 0.147222 0.712346 0.058333 0.046914
1 0.030556 0.687654 0.061111 0.081481
1 0.563889 0.755556 0.063889 0.079012
1 0.395833 0.718519 0.061111 0.083951
1 0.343056 0.954321 0.047222 0.08642
1 0.073611 0.940741 0.091667 0.108642
1 0.869444 0.266667 0.052778 0.098765
1 0.904861 0.403704 0.0875 0.160494
1 0.7125 0.802469 0.077778 0.148148
