1 0.33125 0.837037 0.281944 0.320988
1 0.047917 0.192593 0.095833 0.202469
2 0.093056 0.262963 0.141667 0.155556
0 0.08125 0.435802 0.1625 0.298765
0 0.055556 0.619753 0.111111 0.123457
0 0.06875 0.750617 0.1375 0.167901
0 0.152083 0.12716 0.123611 0.204938
0 0.236111 0.374074 0.105556 0.407407
1 0.328472 0.064198 0.1375 0.128395
3 0.346528 0.239506 0.198611 0.241975
2 0.357639 0.424691 0.179167 0.197531
2 0.353472 0.633333 0.184722 0.279012
1 0.55625 0.261728 0.176389 0.246914
0 0.53125 0.161728 0.204167 0.155556
2 0.397917 0.067901 0.104167 0.125926
2 0.473611 0.062963 0.097222 0.091358
2 0.468056 0.097531 0.102778 0.071605
2 0.614583 0.065432 0.1375 0.130864
1 0.676389 0.02963 0.05 0.059259
2 0.579167 0.383951 0.111111 0.106173
2 0.495139 0.540741 0.145833 0.281481
2 0.571528 0.788889 0.220833 0.353086
0 0.647917 0.953086 0.198611 0.088889
2 0.616667 0.530864 0.125 0.232099
2 0.707639 0.674074 0.165278 0.380247
2 0.743056 0.335802 0.186111 0.261728
0 0.820139 0.723457 0.298611 0.4
2 0.811111 0.498765 0.108333 0.103704
2 0.875694 0.861728 0.198611 0.271605
1 0.950694 0.730864 0.095833 0.42963
2 0.913889 0.503704 0.169444 0.192593
1 0.915972 0.362963 0.165278 0.246914
1 0.879167 0.124691 0.177778 0.219753
3 0.793056 0.051852 0.141667 0.103704
