0 0.04375 0.888889 0.0875 0.103704
1 0.1 0.72963 0.169444 0.214815
2 0.426389 0.808642 0.147222 0.244444
2 0.299306 0.850617 0.090278 0.209877
2 0.202083 0.953086 0.120833 0.088889
2 0.134722 0.901235 0.116667 0.192593
2 0.0625 0.8 0.083333 0.074074
2 0.334028 0.67284 0.090278 0.165432
2 0.048611 0.533333 0.097222 0.162963
0 0.331944 0.516049 0.105556 0.162963
0 0.25 0.520988 0.083333 0.182716
1 0.175 0.576543 0.105556 0.175309
1 0.139583 0.438272 0.0875 0.145679
1 0.207639 0.448148 0.079167 0.130864
1 0.223611 0.308642 0.091667 0.153086
0 0.584028 0.704938 0.081944 0.323457
1 0.495139 0.481481 0.123611 0.192593
2 0.484722 0.579012 0.116667 0.101235
2 0.415972 0.388889 0.051389 0.130864
0 0.386111 0.45679 0.083333 0.167901
0 0.377083 0.319753 0.081944 0.101235
1 0.461806 0.314815 0.065278 0.150617
1 0.503472 0.262963 0.065278 0.120988
0 0.704861 0.465432 0.190278 0.17037
0 0.759028 0.403704 0.140278 0.111111
1 0.549306 0.369136 0.098611 0.155556
1 0.715278 0.345679 0.086111 0.14321
1 0.788889 0.24321 0.1 0.145679
1 0.629861 0.298765 0.068056 0.153086
1 0.685417 0.223457 0.076389 0.130864
1 0.715278 0.155556 0.077778 0.162963
1 0.877083 0.128395 0.104167 0.148148
3 0.925 0.096296 0.111111 0.128395
2 0.65625 0.165432 0.059722 0.118519
2 0.6875 0.080247 0.083333 0.091358
2 0.597917 0.059259 0.090278 0.083951
2 0.535417 0.055556 0.070833 0.076543
2 0.424306 0.207407 0.0875 0.083951
0 0.388194 0.087654 0.134722 0.08642
1 0.580556 0.174074 0.088889 0.175309
0 0.514583 0.154321 0.070833 0.096296
1 0.486806 0.034568 0.081944 0.069136
