0 0.082639 0.485185 0.1375 0.288889
0 0.130556 0.638272 0.144444 0.318519
0 0.2 0.67037 0.166667 0.353086
0 0.279167 0.4 0.108333 0.271605
0 0.2125 0.277778 0.141667 0.111111
0 0.256944 0.855556 0.15 0.283951
0 0.370139 0.840741 0.140278 0.31358
0 0.471528 0.895062 0.154167 0.204938
1 0.547222 0.801235 0.147222 0.264198
0 0.611111 0.919753 0.097222 0.155556
0 0.702778 0.919753 0.125 0.155556
0 0.838889 0.812346 0.319444 0.271605
1 0.836111 0.925926 0.194444 0.14321
2 0.728472 0.748148 0.076389 0.108642
2 0.917361 0.664198 0.145833 0.153086
2 0.798611 0.623457 0.130556 0.180247
1 0.641667 0.587654 0.180556 0.291358
0 0.496528 0.514815 0.254167 0.2
2 0.701389 0.54321 0.102778 0.192593
1 0.710417 0.364198 0.134722 0.239506
2 0.702778 0.432099 0.111111 0.079012
1 0.59375 0.295062 0.156944 0.219753
1 0.495139 0.374074 0.115278 0.195062
0 0.404167 0.359259 0.102778 0.195062
0 0.46875 0.230864 0.140278 0.120988
0 0.356944 0.253086 0.072222 0.150617
0 0.325 0.167901 0.136111 0.138272
1 0.465278 0.102469 0.066667 0.111111
0 0.407639 0.171605 0.081944 0.111111
2 0.717361 0.251852 0.079167 0.103704
1 0.675694 0.132099 0.090278 0.165432
0 0.496528 0.137037 0.0875 0.096296
0 0.639583 0.087654 0.043056 0.111111
1 0.614583 0.062963 0.054167 0.081481
0 0.561806 0.080247 0.101389 0.066667
1 0.518056 0.035802 0.055556 0.071605
0 0.568056 0.033333 0.055556 0.066667
0 0.940278 0.180247 0.116667 0.118519
