0 0.763889 0.481481 0.113889 0.187654
0 0.652778 0.790123 0.052778 0.103704
0 0.543056 0.714815 0.091667 0.111111
1 0.961111 0.230864 0.052778 0.101235
1 0.029861 0.137037 0.059722 0.111111
1 0.691667 0.030864 0.077778 0.061728
1 0.806944 0.179012 0.075 0.130864
3 0.092361 0.459259 0.076389 0.103704
3 0.200694 0.41358 0.0875 0.101235
3 0.351389 0.519753 0.069444 0.076543
3 0.265278 0.62716 0.083333 0.098765
3 0.438889 0.55679 0.075 0.116049
3 0.684722 0.467901 0.091667 0.185185
1 0.567361 0.892593 0.084722 0.17037
3 0.484028 0.924691 0.076389 0.145679
3 0.396528 0.949383 0.106944 0.096296
