1 0.160417 0.751852 0.229167 0.45679
0 0.057639 0.814815 0.1125 0.365432
3 0.050694 0.433333 0.098611 0.204938
3 0.070833 0.207407 0.133333 0.158025
1 0.130556 0.392593 0.152778 0.232099
2 0.138194 0.523457 0.134722 0.276543
0 0.190972 0.223457 0.104167 0.106173
1 0.273611 0.175309 0.141667 0.207407
1 0.285417 0.295062 0.126389 0.190123
2 0.256944 0.5 0.108333 0.239506
2 0.340278 0.849383 0.191667 0.296296
2 0.247917 0.783951 0.076389 0.323457
1 0.604167 0.845679 0.308333 0.303704
2 0.50625 0.788889 0.181944 0.219753
0 0.561111 0.625926 0.447222 0.274074
2 0.322917 0.640741 0.098611 0.145679
2 0.40625 0.517284 0.129167 0.135802
2 0.825694 0.496296 0.226389 0.276543
2 0.607639 0.464198 0.148611 0.187654
0 0.444444 0.376543 0.163889 0.279012
2 0.534722 0.369136 0.125 0.150617
2 0.372917 0.311111 0.1125 0.153086
1 0.404167 0.14321 0.130556 0.212346
1 0.495139 0.175309 0.151389 0.266667
1 0.580556 0.077778 0.138889 0.155556
1 0.654167 0.22716 0.158333 0.271605
2 0.6625 0.354321 0.125 0.061728
1 0.720833 0.114815 0.141667 0.224691
0 0.871528 0.154321 0.226389 0.308642
0 0.921528 0.060494 0.151389 0.120988
