1 0.179861 0.551852 0.040278 0.071605
1 0.427083 0.430864 0.0375 0.05679
3 0.467361 0.581481 0.0375 0.05679
1 0.548611 0.624691 0.036111 0.059259
1 0.463194 0.654321 0.034722 0.064198
1 0.495139 0.753086 0.043056 0.069136
3 0.620139 0.890123 0.040278 0.081481
3 0.639583 0.838272 0.0375 0.071605
3 0.640278 0.946914 0.038889 0.091358
3 0.526389 0.795062 0.047222 0.054321
1 0.679861 0.750617 0.054167 0.103704
1 0.55625 0.234568 0.048611 0.074074
1 0.846528 0.397531 0.065278 0.11358
1 0.863889 0.61358 0.072222 0.120988
