0 0.108333 0.9 0.136111 0.150617
1 0.209028 0.798765 0.1375 0.214815
1 0.123611 0.720988 0.133333 0.251852
1 0.215972 0.601235 0.070833 0.135802
1 0.292361 0.649383 0.065278 0.128395
2 0.334722 0.874074 0.130556 0.241975
1 0.463889 0.869136 0.102778 0.25679
1 0.570833 0.804938 0.158333 0.276543
0 0.513194 0.501235 0.165278 0.553086
1 0.361806 0.714815 0.115278 0.185185
1 0.375 0.581481 0.113889 0.165432
1 0.460417 0.633333 0.1125 0.185185
2 0.240278 0.48642 0.072222 0.128395
2 0.339583 0.465432 0.095833 0.145679
1 0.478472 0.398765 0.081944 0.145679
1 0.397917 0.344444 0.0875 0.125926
0 0.422917 0.260494 0.098611 0.155556
0 0.361806 0.291358 0.073611 0.222222
0 0.265278 0.191358 0.158333 0.209877
0 0.367361 0.137037 0.0625 0.22963
0 0.175 0.349383 0.122222 0.160494
0 0.245139 0.148148 0.098611 0.212346
1 0.444444 0.106173 0.077778 0.123457
1 0.644444 0.51358 0.127778 0.237037
1 0.602778 0.28642 0.113889 0.202469
1 0.648611 0.083951 0.133333 0.167901
0 0.823611 0.332099 0.188889 0.367901
0 0.831944 0.207407 0.208333 0.316049
0 0.975 0.254321 0.047222 0.133333
2 0.75625 0.191358 0.115278 0.224691
2 0.795139 0.033333 0.115278 0.066667
2 0.91875 0.067901 0.159722 0.135802
