0 0.297917 0.720988 0.0625 0.261728
1 0.333333 0.711111 0.091667 0.162963
0 0.349306 0.837037 0.079167 0.320988
0 0.4125 0.728395 0.088889 0.11358
0 0.429861 0.865432 0.068056 0.264198
1 0.504167 0.798765 0.1 0.219753
0 0.479167 0.609877 0.091667 0.128395
0 0.582639 0.6 0.1625 0.192593
1 0.40625 0.555556 0.0875 0.162963
0 0.334722 0.45679 0.055556 0.222222
0 0.314583 0.328395 0.048611 0.187654
0 0.386806 0.118519 0.079167 0.167901
0 0.451389 0.435802 0.080556 0.116049
0 0.508333 0.430864 0.113889 0.214815
0 0.418056 0.303704 0.108333 0.177778
0 0.438889 0.209877 0.061111 0.197531
0 0.613194 0.430864 0.126389 0.274074
1 0.583333 0.407407 0.077778 0.138272
1 0.510417 0.324691 0.084722 0.140741
0 0.542361 0.118519 0.129167 0.192593
1 0.584028 0.265432 0.0875 0.145679
1 0.642361 0.124691 0.076389 0.165432
1 0.529861 0.081481 0.070833 0.103704
0 0.627083 0.838272 0.195833 0.318519
0 0.54375 0.908642 0.106944 0.177778
0 0.615278 0.948148 0.097222 0.098765
0 0.743056 0.796296 0.116667 0.377778
1 0.677083 0.759259 0.106944 0.195062
1 0.695139 0.591358 0.098611 0.17037
1 0.740278 0.106173 0.102778 0.17284
1 0.747222 0.255556 0.116667 0.155556
1 0.770833 0.495062 0.111111 0.165432
0 0.746528 0.376543 0.179167 0.17037
0 0.830556 0.176543 0.15 0.17037
0 0.841667 0.07284 0.111111 0.116049
