0 0.45625 0.6 0.0625 0.153086
3 0.459028 0.497531 0.059722 0.096296
3 0.595139 0.41358 0.054167 0.081481
3 0.892361 0.154321 0.073611 0.130864
1 0.409722 0.034568 0.052778 0.069136
0 0.3125 0.665432 0.130556 0.185185
1 0.131944 0.837037 0.188889 0.320988
3 0.699306 0.723457 0.059722 0.093827
3 0.705556 0.607407 0.063889 0.11358
3 0.572917 0.676543 0.073611 0.123457
3 0.313194 0.25679 0.073611 0.098765
3 0.219444 0.167901 0.063889 0.083951
3 0.267361 0.180247 0.084722 0.098765
3 0.05625 0.458025 0.1125 0.204938
3 0.038889 0.750617 0.077778 0.222222
1 0.861111 0.567901 0.088889 0.153086
1 0.979861 0.240741 0.0375 0.125926
1 0.565972 0.317284 0.070833 0.120988
1 0.95 0.779012 0.080556 0.130864
1 0.370139 0.960494 0.090278 0.074074
