3 0.494444 0.037037 0.038889 0.074074
1 0.632639 0.141975 0.051389 0.091358
1 0.674306 0.076543 0.029167 0.044444
3 0.390972 0.923457 0.0375 0.083951
1 0.809722 0.149383 0.030556 0.071605
1 0.755556 0.180247 0.036111 0.079012
1 0.649306 0.377778 0.040278 0.093827
1 0.039583 0.946914 0.073611 0.101235
1 0.73125 0.787654 0.070833 0.11358
1 0.232639 0.680247 0.093056 0.145679
1 0.170833 0.493827 0.075 0.11358
3 0.047917 0.249383 0.073611 0.074074
3 0.173611 0.323457 0.05 0.054321
3 0.451389 0.145679 0.058333 0.083951
3 0.599306 0.433333 0.0375 0.091358
2 0.648611 0.944444 0.052778 0.106173
