1 0.408333 0.140741 0.038889 0.059259
0 0.678472 0.459259 0.065278 0.093827
3 0.121528 0.860494 0.070833 0.111111
1 0.374306 0.5 0.054167 0.111111
1 0.615278 0.777778 0.069444 0.148148
1 0.616667 0.939506 0.063889 0.116049
1 0.924306 0.707407 0.104167 0.135802
3 0.188889 0.57284 0.072222 0.118519
1 0.590278 0.18642 0.041667 0.071605
1 0.360417 0.324691 0.040278 0.076543
2 0.338194 0.648148 0.026389 0.037037
3 0.309722 0.437037 0.058333 0.083951
0 0.559722 0.701235 0.036111 0.098765
3 0.557639 0.851852 0.051389 0.108642
0 0.175694 0.761728 0.101389 0.091358
0 0.131944 0.939506 0.047222 0.106173
