1 0.511111 0.207407 0.066667 0.108642
1 0.345833 0.069136 0.052778 0.088889
1 0.421528 0.911111 0.090278 0.17284
1 0.214583 0.349383 0.051389 0.101235
1 0.132639 0.37284 0.0625 0.11358
1 0.106944 0.197531 0.075 0.098765
3 0.038889 0.069136 0.077778 0.079012
3 0.044444 0.158025 0.075 0.098765
0 0.188194 0.196296 0.073611 0.125926
0 0.227083 0.520988 0.090278 0.11358
0 0.443056 0.734568 0.052778 0.145679
3 0.735417 0.649383 0.090278 0.133333
3 0.575694 0.804938 0.079167 0.17284
0 0.535417 0.928395 0.098611 0.118519
