0 0.2875 0.945679 0.063889 0.103704
3 0.552083 0.532099 0.056944 0.091358
3 0.29375 0.641975 0.070833 0.069136
3 0.341667 0.97284 0.063889 0.049383
3 0.394444 0.953086 0.052778 0.088889
3 0.30625 0.566667 0.068056 0.076543
0 0.663889 0.766667 0.108333 0.140741
3 0.610417 0.919753 0.1125 0.155556
3 0.595833 0.396296 0.086111 0.125926
1 0.970139 0.040741 0.056944 0.081481
1 0.166667 0.549383 0.041667 0.071605
1 0.098611 0.809877 0.061111 0.098765
1 0.559028 0.62716 0.081944 0.11358
1 0.820833 0.571605 0.108333 0.165432
1 0.940972 0.649383 0.115278 0.158025
