0 0.452083 0.937037 0.065278 0.120988
0 0.071528 0.938272 0.098611 0.108642
0 0.183333 0.92963 0.1 0.135802
0 0.298611 0.933333 0.036111 0.128395
1 0.413194 0.588889 0.054167 0.101235
1 0.356944 0.439506 0.063889 0.103704
1 0.147917 0.654321 0.0625 0.093827
1 0.634722 0.319753 0.033333 0.066667
1 0.773611 0.381481 0.033333 0.071605
1 0.918056 0.464198 0.05 0.064198
1 0.163889 0.274074 0.061111 0.103704
1 0.134028 0.185185 0.0625 0.088889
1 0.159028 0.125926 0.056944 0.083951
1 0.034722 0.134568 0.069444 0.111111
