1 0.654167 0.116049 0.038889 0.059259
0 0.515972 0.248148 0.104167 0.081481
0 0.613889 0.454321 0.102778 0.093827
1 0.779861 0.951852 0.1125 0.091358
1 0.354861 0.932099 0.0875 0.130864
1 0.8375 0.27037 0.061111 0.106173
1 0.639583 0.274074 0.056944 0.079012
1 0.675694 0.338272 0.059722 0.079012
1 0.441667 0.185185 0.044444 0.059259
1 0.049306 0.307407 0.065278 0.116049
1 0.056944 0.409877 0.052778 0.069136
1 0.209028 0.565432 0.118056 0.192593
1 0.159722 0.940741 0.127778 0.11358
3 0.127083 0.907407 0.081944 0.130864
