1 0.220139 0.483951 0.051389 0.083951
3 0.951389 0.558025 0.094444 0.138272
3 0.573611 0.919753 0.091667 0.155556
3 0.429167 0.677778 0.055556 0.096296
1 0.254861 0.84321 0.081944 0.160494
1 0.311806 0.682716 0.076389 0.111111
1 0.152083 0.683951 0.084722 0.133333
1 0.628472 0.595062 0.068056 0.128395
1 0.814583 0.446914 0.045833 0.103704
1 0.803472 0.258025 0.0625 0.101235
1 0.183333 0.353086 0.083333 0.138272
1 0.691667 0.114815 0.044444 0.091358
1 0.61875 0.12963 0.051389 0.076543
1 0.551389 0.153086 0.047222 0.059259
1 0.526389 0.11358 0.047222 0.064198
1 0.356944 0.066667 0.047222 0.044444
0 0.501389 0.225926 0.063889 0.05679
0 0.430556 0.111111 0.069444 0.069136
1 0.022917 0.283951 0.045833 0.064198
1 0.015972 0.188889 0.031944 0.111111
