1 0.284028 0.402469 0.034722 0.059259
3 0.122222 0.54321 0.066667 0.069136
3 0.159028 0.388889 0.043056 0.061728
0 0.486806 0.724691 0.051389 0.135802
0 0.109028 0.653086 0.059722 0.061728
2 0.552083 0.960494 0.029167 0.074074
2 0.445833 0.944444 0.047222 0.066667
2 0.692361 0.866667 0.031944 0.054321
2 0.53125 0.860494 0.015278 0.041975
2 0.49375 0.840741 0.029167 0.032099
2 0.632639 0.9 0.029167 0.051852
2 0.341667 0.881481 0.022222 0.039506
3 0.624306 0.633333 0.115278 0.150617
1 0.759722 0.322222 0.047222 0.096296
1 0.595833 0.774074 0.063889 0.111111
1 0.379861 0.532099 0.040278 0.066667
1 0.280556 0.75679 0.052778 0.071605
0 0.103472 0.308642 0.029167 0.083951
0 0.840972 0.874074 0.076389 0.069136
0 0.545833 0.446914 0.058333 0.059259
0 0.036806 0.803704 0.056944 0.130864
0 0.229861 0.57284 0.070833 0.069136
0 0.313889 0.583951 0.066667 0.061728
3 0.8625 0.951852 0.061111 0.081481
1 0.55625 0.044444 0.051389 0.088889
