0 0.655556 0.591358 0.047222 0.125926
0 0.588889 0.804938 0.066667 0.118519
2 0.6875 0.851852 0.030556 0.039506
3 0.690278 0.775309 0.069444 0.098765
3 0.781944 0.611111 0.083333 0.091358
1 0.402083 0.349383 0.034722 0.046914
1 0.0625 0.244444 0.055556 0.044444
1 0.258333 0.935802 0.077778 0.093827
1 0.395833 0.934568 0.077778 0.106173
1 0.483333 0.798765 0.072222 0.120988
1 0.307639 0.348148 0.045833 0.074074
1 0.504167 0.362963 0.055556 0.054321
1 0.552083 0.408642 0.056944 0.071605
1 0.513889 0.44321 0.052778 0.081481
1 0.600694 0.476543 0.068056 0.11358
1 0.194444 0.607407 0.091667 0.158025
