2 0.754861 0.903704 0.051389 0.088889
0 0.334722 0.758025 0.091667 0.17284
0 0.424306 0.47284 0.076389 0.101235
0 0.429167 0.523457 0.075 0.098765
0 0.429861 0.639506 0.059722 0.088889
0 0.272917 0.950617 0.084722 0.093827
1 0.192361 0.923457 0.090278 0.128395
1 0.295139 0.72963 0.0625 0.125926
1 0.314583 0.554321 0.084722 0.145679
1 0.323611 0.319753 0.055556 0.071605
1 0.247917 0.47284 0.040278 0.066667
1 0.170833 0.366667 0.063889 0.101235
1 0.228472 0.235802 0.054167 0.101235
1 0.1625 0.214815 0.047222 0.079012
0 0.429861 0.346914 0.040278 0.096296
0 0.5625 0.116049 0.055556 0.153086
0 0.640278 0.053086 0.097222 0.106173
0 0.645833 0.216049 0.055556 0.165432
