3 0.481944 0.353086 0.069444 0.074074
1 0.565278 0.828395 0.083333 0.234568
3 0.4875 0.803704 0.080556 0.2
3 0.679167 0.77037 0.077778 0.138272
3 0.034722 0.096296 0.069444 0.098765
3 0.109028 0.120988 0.084722 0.098765
1 0.015278 0.218519 0.030556 0.116049
1 0.188889 0.22963 0.083333 0.138272
1 0.145139 0.532099 0.106944 0.204938
1 0.505556 0.482716 0.061111 0.135802
1 0.963194 0.928395 0.070833 0.138272
1 0.867361 0.953086 0.131944 0.088889
1 0.876389 0.724691 0.1 0.150617
1 0.811111 0.728395 0.063889 0.11358
1 0.770833 0.153086 0.044444 0.083951
1 0.757639 0.076543 0.051389 0.083951
1 0.719444 0.165432 0.047222 0.083951
1 0.327083 0.046914 0.040278 0.093827
1 0.977083 0.453086 0.043056 0.111111
