1 0.465278 0.416049 0.036111 0.076543
1 0.280556 0.598765 0.041667 0.051852
1 0.195833 0.687654 0.038889 0.066667
1 0.083333 0.728395 0.055556 0.074074
1 0.046528 0.854321 0.0625 0.093827
1 0.408333 0.52963 0.05 0.061728
1 0.445139 0.51358 0.043056 0.044444
1 0.461111 0.539506 0.041667 0.046914
1 0.607639 0.248148 0.029167 0.051852
1 0.55625 0.422222 0.029167 0.064198
1 0.661806 0.496296 0.045833 0.054321
1 0.726389 0.562963 0.058333 0.083951
1 0.976389 0.383951 0.044444 0.106173
1 0.778472 0.640741 0.056944 0.101235
1 0.466667 0.701235 0.063889 0.108642
3 0.504167 0.640741 0.061111 0.071605
1 0.868056 0.892593 0.108333 0.155556
3 0.9375 0.749383 0.072222 0.101235
3 0.850694 0.755556 0.076389 0.088889
