1 0.582639 0.434568 0.0375 0.059259
1 0.513194 0.375309 0.0375 0.064198
1 0.420139 0.325926 0.034722 0.059259
1 0.36875 0.338272 0.040278 0.074074
1 0.327083 0.74321 0.040278 0.083951
1 0.313889 0.635802 0.038889 0.066667
1 0.375694 0.724691 0.043056 0.071605
1 0.239583 0.767901 0.054167 0.093827
1 0.026389 0.84321 0.052778 0.101235
1 0.064583 0.92716 0.068056 0.091358
1 0.504861 0.946914 0.054167 0.091358
0 0.35625 0.635802 0.054167 0.071605
3 0.617361 0.902469 0.073611 0.101235
0 0.579167 0.975309 0.075 0.044444
