1 0.414583 0.514815 0.043056 0.066667
1 0.415278 0.688889 0.041667 0.069136
1 0.315972 0.860494 0.048611 0.076543
1 0.288889 0.782716 0.05 0.103704
1 0.263194 0.911111 0.051389 0.093827
1 0.379167 0.885185 0.047222 0.08642
1 0.405556 0.849383 0.047222 0.093827
1 0.436111 0.814815 0.036111 0.079012
1 0.486806 0.779012 0.043056 0.08642
1 0.166667 0.409877 0.063889 0.103704
1 0.186806 0.650617 0.054167 0.101235
1 0.20625 0.749383 0.056944 0.101235
1 0.321528 0.954321 0.056944 0.08642
1 0.436806 0.960494 0.034722 0.074074
1 0.609722 0.817284 0.038889 0.079012
1 0.634722 0.88642 0.041667 0.088889
1 0.127083 0.893827 0.081944 0.118519
