1 0.663889 0.562963 0.041667 0.069136
1 0.414583 0.637037 0.040278 0.059259
1 0.625694 0.444444 0.034722 0.059259
1 0.631944 0.518519 0.030556 0.064198
1 0.636111 0.303704 0.036111 0.059259
1 0.491667 0.2 0.033333 0.059259
1 0.429167 0.285185 0.030556 0.05679
1 0.4 0.308642 0.030556 0.054321
1 0.396528 0.261728 0.029167 0.054321
1 0.372222 0.219753 0.030556 0.064198
1 0.323611 0.190123 0.036111 0.059259
1 0.463194 0.369136 0.034722 0.066667
1 0.381944 0.508642 0.044444 0.079012
3 0.458333 0.87284 0.05 0.096296
3 0.590278 0.835802 0.05 0.120988
3 0.353472 0.466667 0.048611 0.103704
3 0.404861 0.369136 0.0375 0.05679
1 0.21875 0.606173 0.054167 0.091358
1 0.175 0.596296 0.058333 0.101235
3 0.154167 0.544444 0.075 0.071605
3 0.200694 0.408642 0.043056 0.061728
3 0.13125 0.746914 0.054167 0.111111
3 0.094444 0.782716 0.058333 0.098765
3 0.084028 0.639506 0.081944 0.123457
1 0.015278 0.659259 0.030556 0.074074
