1 0.91875 0.569136 0.076389 0.140741
1 0.848611 0.355556 0.080556 0.14321
1 0.565278 0.102469 0.072222 0.116049
0 0.550694 0.877778 0.123611 0.130864
1 0.197222 0.871605 0.116667 0.246914
1 0.363194 0.739506 0.104167 0.185185
1 0.145139 0.540741 0.148611 0.271605
0 0.452778 0.37284 0.069444 0.162963
0 0.311111 0.416049 0.122222 0.190123
3 0.060417 0.183951 0.120833 0.190123
3 0.051389 0.448148 0.102778 0.190123
3 0.593056 0.202469 0.055556 0.083951
3 0.695833 0.412346 0.058333 0.118519
3 0.685417 0.511111 0.056944 0.088889
3 0.567361 0.458025 0.059722 0.101235
3 0.290972 0.748148 0.079167 0.167901
