0 0.599306 0.909877 0.115278 0.175309
0 0.656944 0.862963 0.094444 0.17037
2 0.78125 0.514815 0.048611 0.076543
0 0.458333 0.082716 0.044444 0.08642
1 0.203472 0.037037 0.068056 0.074074
1 0.276389 0.138272 0.036111 0.069136
1 0.320833 0.37284 0.069444 0.133333
1 0.344444 0.218519 0.080556 0.145679
1 0.23125 0.541975 0.073611 0.116049
1 0.266667 0.709877 0.083333 0.17037
1 0.060417 0.754321 0.120833 0.279012
0 0.234722 0.854321 0.141667 0.17284
0 0.453472 0.220988 0.076389 0.116049
0 0.455556 0.325926 0.088889 0.074074
