1 0.438194 0.161728 0.040278 0.076543
1 0.434722 0.317284 0.033333 0.066667
1 0.458333 0.262963 0.019444 0.041975
1 0.48125 0.258025 0.023611 0.041975
1 0.400694 0.314815 0.045833 0.076543
1 0.20625 0.165432 0.065278 0.069136
1 0.148611 0.153086 0.05 0.079012
1 0.059722 0.283951 0.080556 0.093827
1 0.479861 0.535802 0.026389 0.069136
1 0.503472 0.569136 0.0375 0.066667
1 0.547222 0.614815 0.047222 0.069136
1 0.175694 0.52963 0.073611 0.125926
1 0.293056 0.650617 0.058333 0.116049
1 0.360417 0.72716 0.051389 0.08642
