1 0.1125 0.907407 0.130556 0.180247
1 0.219444 0.471605 0.072222 0.133333
1 0.324306 0.406173 0.048611 0.066667
1 0.157639 0.220988 0.065278 0.096296
1 0.435417 0.203704 0.090278 0.130864
1 0.3625 0.78642 0.108333 0.22963
1 0.220833 0.949383 0.061111 0.096296
0 0.824306 0.167901 0.090278 0.108642
3 0.933333 0.18642 0.105556 0.125926
3 0.138889 0.439506 0.077778 0.103704
0 0.05 0.549383 0.1 0.106173
3 0.224306 0.676543 0.070833 0.133333
0 0.557639 0.934568 0.106944 0.125926
0 0.454861 0.711111 0.059722 0.197531
0 0.449306 0.914815 0.054167 0.165432
