1 0.678472 0.654321 0.048611 0.093827
3 0.677778 0.814815 0.061111 0.093827
3 0.735417 0.801235 0.054167 0.08642
3 0.680556 0.72963 0.05 0.081481
3 0.720833 0.687654 0.055556 0.081481
1 0.659028 0.971605 0.070833 0.051852
0 0.511111 0.748148 0.077778 0.079012
0 0.49375 0.593827 0.070833 0.081481
1 0.605556 0.596296 0.061111 0.106173
1 0.752083 0.501235 0.034722 0.079012
1 0.380556 0.374074 0.041667 0.071605
1 0.349306 0.291358 0.048611 0.069136
1 0.327083 0.411111 0.048611 0.081481
1 0.313194 0.123457 0.040278 0.059259
1 0.084722 0.081481 0.044444 0.108642
1 0.020833 0.15679 0.041667 0.096296
