1 0.24375 0.45679 0.090278 0.14321
1 0.368056 0.137037 0.061111 0.076543
1 0.402083 0.344444 0.068056 0.106173
1 0.516667 0.4 0.044444 0.079012
1 0.608333 0.409877 0.047222 0.098765
1 0.526389 0.525926 0.061111 0.103704
1 0.681944 0.559259 0.052778 0.076543
1 0.706944 0.62716 0.05 0.074074
1 0.91875 0.680247 0.0625 0.096296
1 0.821528 0.841975 0.070833 0.133333
1 0.645833 0.895062 0.075 0.150617
1 0.559028 0.840741 0.079167 0.155556
1 0.463194 0.777778 0.0875 0.187654
1 0.354861 0.787654 0.0875 0.187654
1 0.328472 0.939506 0.129167 0.116049
0 0.708333 0.696296 0.038889 0.098765
0 0.588194 0.946914 0.076389 0.101235
