0 0.474306 0.238272 0.081944 0.140741
3 0.253472 0.918519 0.090278 0.148148
3 0.047222 0.838272 0.094444 0.120988
1 0.01875 0.711111 0.0375 0.133333
1 0.209028 0.180247 0.101389 0.197531
1 0.4375 0.402469 0.077778 0.133333
1 0.400694 0.751852 0.090278 0.130864
1 0.507639 0.897531 0.0625 0.130864
1 0.561111 0.833333 0.080556 0.145679
1 0.696528 0.625926 0.068056 0.096296
1 0.650694 0.55679 0.056944 0.066667
1 0.744444 0.259259 0.036111 0.049383
3 0.309028 0.388889 0.0875 0.145679
3 0.0625 0.079012 0.125 0.158025
