0 0.406944 0.696296 0.077778 0.069136
0 0.427083 0.853086 0.076389 0.076543
1 0.351389 0.059259 0.041667 0.064198
1 0.235417 0.237037 0.040278 0.059259
1 0.236806 0.522222 0.048611 0.091358
1 0.264583 0.4 0.043056 0.074074
1 0.299306 0.480247 0.045833 0.081481
1 0.515278 0.691358 0.061111 0.108642
1 0.653472 0.603704 0.0375 0.08642
1 0.590278 0.755556 0.047222 0.088889
3 0.580556 0.906173 0.072222 0.093827
3 0.643056 0.896296 0.055556 0.098765
3 0.590972 0.82963 0.048611 0.074074
3 0.626389 0.787654 0.052778 0.083951
