1 0.390278 0.045679 0.025 0.037037
1 0.411806 0.098765 0.026389 0.049383
1 0.38125 0.12716 0.026389 0.051852
1 0.170833 0.839506 0.105556 0.192593
1 0.984722 0.838272 0.027778 0.125926
1 0.943056 0.759259 0.077778 0.116049
1 0.863889 0.837037 0.1 0.128395
0 0.788194 0.882716 0.076389 0.135802
3 0.751389 0.919753 0.097222 0.120988
3 0.579861 0.934568 0.068056 0.125926
1 0.529167 0.545679 0.072222 0.128395
1 0.527778 0.258025 0.061111 0.116049
1 0.495833 0.346914 0.075 0.120988
1 0.370139 0.397531 0.056944 0.103704
1 0.086111 0.4 0.069444 0.128395
1 0.073611 0.118519 0.044444 0.069136
3 0.320139 0.362963 0.051389 0.064198
0 0.575 0.782716 0.080556 0.167901
0 0.657639 0.825926 0.0625 0.130864
0 0.940972 0.540741 0.109722 0.158025
