1 0.555556 0.232099 0.027778 0.059259
1 0.515972 0.298765 0.031944 0.054321
1 0.525 0.338272 0.038889 0.044444
1 0.25 0.118519 0.041667 0.054321
1 0.239583 0.207407 0.040278 0.064198
1 0.276389 0.180247 0.044444 0.074074
1 0.840278 0.474074 0.047222 0.069136
1 0.465972 0.265432 0.043056 0.071605
3 0.065972 0.671605 0.106944 0.11358
1 0.053472 0.52963 0.093056 0.145679
1 0.384722 0.430864 0.102778 0.165432
3 0.289583 0.611111 0.070833 0.101235
1 0.403472 0.906173 0.115278 0.182716
1 0.169444 0.676543 0.113889 0.162963
0 0.710417 0.47037 0.068056 0.106173
0 0.93125 0.964198 0.134722 0.066667
0 0.950694 0.775309 0.095833 0.182716
1 0.345833 0.574074 0.113889 0.190123
