1 0.75 0.783951 0.044444 0.071605
1 0.879167 0.845679 0.055556 0.096296
3 0.40625 0.558025 0.059722 0.093827
3 0.269444 0.930864 0.136111 0.133333
1 0.534722 0.650617 0.047222 0.116049
1 0.553472 0.560494 0.040278 0.083951
1 0.724306 0.964198 0.056944 0.066667
1 0.609722 0.975309 0.041667 0.044444
1 0.563889 0.880247 0.041667 0.076543
1 0.516667 0.925926 0.052778 0.083951
1 0.448611 0.487654 0.075 0.116049
1 0.574306 0.253086 0.045833 0.076543
1 0.363889 0.219753 0.061111 0.103704
1 0.304861 0.323457 0.070833 0.118519
1 0.322222 0.504938 0.091667 0.160494
1 0.2 0.701235 0.122222 0.17284
1 0.063889 0.683951 0.127778 0.222222
