1 0.920833 0.344444 0.052778 0.096296
1 0.616667 0.280247 0.038889 0.076543
1 0.343056 0.595062 0.044444 0.088889
1 0.479861 0.101235 0.034722 0.079012
1 0.365278 0.238272 0.038889 0.081481
1 0.368056 0.909877 0.102778 0.175309
1 0.492361 0.892593 0.068056 0.120988
1 0.55625 0.323457 0.054167 0.093827
1 0.745833 0.083951 0.030556 0.049383
1 0.717361 0.291358 0.0625 0.123457
1 0.709722 0.522222 0.061111 0.106173
1 0.613889 0.9 0.088889 0.17037
1 0.777083 0.904938 0.081944 0.160494
1 0.879167 0.904938 0.108333 0.180247
