0 0.355556 0.440741 0.061111 0.120988
3 0.942361 0.317284 0.101389 0.081481
0 0.952778 0.074074 0.055556 0.138272
3 0.703472 0.559259 0.048611 0.071605
1 0.385417 0.123457 0.068056 0.054321
3 0.619444 0.265432 0.055556 0.076543
3 0.706944 0.275309 0.055556 0.081481
3 0.459028 0.951852 0.090278 0.091358
3 0.744444 0.812346 0.047222 0.133333
3 0.636806 0.662963 0.090278 0.135802
1 0.738889 0.061728 0.047222 0.069136
1 0.292361 0.616049 0.0875 0.239506
1 0.257639 0.397531 0.0375 0.138272
0 0.549306 0.076543 0.034722 0.074074
