0 0.148611 0.797531 0.122222 0.271605
1 0.384028 0.814815 0.104167 0.17284
1 0.911111 0.87037 0.125 0.234568
1 0.81875 0.504938 0.076389 0.145679
1 0.94375 0.246914 0.065278 0.118519
1 0.794444 0.114815 0.058333 0.111111
1 0.648611 0.534568 0.086111 0.116049
3 0.658333 0.440741 0.069444 0.071605
1 0.283333 0.362963 0.080556 0.108642
1 0.304167 0.095062 0.036111 0.081481
1 0.282639 0.193827 0.054167 0.066667
1 0.230556 0.2 0.05 0.059259
1 0.607639 0.341975 0.048611 0.096296
1 0.567361 0.27284 0.059722 0.08642
1 0.514583 0.211111 0.056944 0.066667
