0 0.723611 0.083951 0.063889 0.167901
0 0.386111 0.603704 0.102778 0.185185
0 0.477778 0.196296 0.047222 0.096296
0 0.465972 0.340741 0.073611 0.118519
0 0.469444 0.388889 0.080556 0.111111
0 0.484028 0.507407 0.051389 0.120988
0 0.323611 0.849383 0.072222 0.162963
1 0.28125 0.955556 0.104167 0.083951
1 0.2375 0.779012 0.088889 0.155556
1 0.3375 0.590123 0.069444 0.133333
1 0.359722 0.403704 0.091667 0.160494
1 0.289583 0.316049 0.043056 0.079012
1 0.211806 0.188889 0.068056 0.116049
1 0.363889 0.154321 0.052778 0.071605
1 0.263194 0.055556 0.054167 0.111111
1 0.199306 0.035802 0.051389 0.071605
2 0.834722 0.840741 0.063889 0.096296
