0 0.11875 0.362963 0.156944 0.083951
3 0.779167 0.169136 0.052778 0.076543
3 0.816667 0.209877 0.044444 0.069136
1 0.84375 0.080247 0.045833 0.071605
1 0.484722 0.030864 0.061111 0.061728
1 0.560417 0.109877 0.054167 0.096296
1 0.619444 0.035802 0.066667 0.071605
1 0.821528 0.153086 0.040278 0.059259
1 0.879167 0.190123 0.05 0.069136
1 0.867361 0.269136 0.051389 0.079012
1 0.966667 0.418519 0.063889 0.116049
1 0.359028 0.22716 0.095833 0.177778
1 0.279861 0.298765 0.070833 0.118519
1 0.266667 0.423457 0.083333 0.135802
1 0.040972 0.283951 0.081944 0.153086
3 0.579861 0.345679 0.104167 0.167901
2 0.201389 0.532099 0.061111 0.081481
3 0.282639 0.603704 0.093056 0.165432
