0 0.444444 0.275309 0.05 0.05679
1 0.599306 0.22716 0.029167 0.059259
1 0.564583 0.298765 0.029167 0.059259
1 0.513889 0.264198 0.038889 0.079012
1 0.313194 0.180247 0.0375 0.064198
1 0.309722 0.258025 0.038889 0.066667
1 0.340278 0.22716 0.038889 0.069136
3 0.202083 0.623457 0.070833 0.081481
1 0.884722 0.377778 0.061111 0.059259
1 0.443056 0.391358 0.097222 0.135802
1 0.419444 0.517284 0.102778 0.165432
1 0.478472 0.783951 0.073611 0.165432
0 0.725 0.37284 0.091667 0.098765
0 0.958333 0.6 0.080556 0.153086
3 0.36875 0.585185 0.054167 0.093827
1 0.18125 0.517284 0.0625 0.091358
1 0.277778 0.620988 0.083333 0.125926
