3 0.525694 0.595062 0.090278 0.14321
3 0.363194 0.796296 0.0625 0.116049
3 0.188194 0.911111 0.068056 0.098765
3 0.116667 0.659259 0.125 0.197531
1 0.577778 0.024691 0.055556 0.049383
1 0.084028 0.361728 0.070833 0.091358
1 0.022222 0.497531 0.044444 0.140741
1 0.965972 0.665432 0.065278 0.116049
1 0.661111 0.390123 0.047222 0.079012
1 0.432639 0.564198 0.070833 0.096296
1 0.173611 0.383951 0.077778 0.130864
1 0.379861 0.054321 0.068056 0.108642
1 0.452083 0.114815 0.065278 0.125926
1 0.5375 0.414815 0.066667 0.108642
