0 0.969444 0.898765 0.058333 0.197531
0 0.888194 0.679012 0.054167 0.17284
3 0.484722 0.424691 0.077778 0.093827
3 0.046528 0.387654 0.093056 0.074074
3 0.166667 0.412346 0.097222 0.128395
3 0.345833 0.538272 0.058333 0.079012
1 0.827778 0.514815 0.072222 0.140741
1 0.497917 0.288889 0.056944 0.098765
1 0.436806 0.045679 0.054167 0.091358
1 0.215278 0.224691 0.072222 0.118519
1 0.131944 0.198765 0.072222 0.096296
1 0.063194 0.287654 0.084722 0.116049
0 0.488194 0.74321 0.059722 0.207407
0 0.467361 0.893827 0.104167 0.207407
