3 0.420833 0.087654 0.066667 0.081481
3 0.63125 0.476543 0.084722 0.153086
3 0.422222 0.482716 0.086111 0.180247
1 0.058333 0.255556 0.116667 0.209877
1 0.444444 0.203704 0.072222 0.140741
1 0.516667 0.518519 0.094444 0.232099
2 0.629167 0.609877 0.055556 0.088889
1 0.771528 0.717284 0.198611 0.34321
1 0.909028 0.602469 0.179167 0.301235
1 0.821528 0.380247 0.076389 0.123457
1 0.752083 0.402469 0.098611 0.11358
0 0.835417 0.211111 0.079167 0.101235
0 0.829861 0.083951 0.068056 0.074074
1 0.971528 0.237037 0.054167 0.074074
1 0.922222 0.146914 0.061111 0.091358
