1 0.279861 0.08642 0.031944 0.064198
1 0.063889 0.182716 0.047222 0.088889
1 0.029861 0.287654 0.059722 0.091358
0 0.53125 0.397531 0.068056 0.074074
0 0.575 0.523457 0.077778 0.069136
3 0.346528 0.339506 0.045833 0.081481
3 0.346528 0.217284 0.043056 0.069136
3 0.3875 0.283951 0.047222 0.079012
3 0.754861 0.182716 0.0375 0.069136
3 0.6375 0.346914 0.058333 0.101235
3 0.708333 0.365432 0.038889 0.079012
3 0.730556 0.506173 0.075 0.074074
3 0.781944 0.471605 0.072222 0.088889
3 0.727778 0.425926 0.063889 0.066667
3 0.757639 0.381481 0.068056 0.066667
1 0.747222 0.645679 0.094444 0.111111
3 0.126389 0.950617 0.080556 0.093827
