1 0.520139 0.064198 0.045833 0.069136
1 0.648611 0.250617 0.041667 0.05679
1 0.660417 0.350617 0.056944 0.083951
1 0.559028 0.22716 0.051389 0.098765
1 0.463889 0.320988 0.061111 0.103704
1 0.7375 0.133333 0.047222 0.079012
1 0.729167 0.238272 0.041667 0.076543
1 0.801389 0.362963 0.052778 0.079012
1 0.824306 0.422222 0.048611 0.079012
1 0.760417 0.606173 0.054167 0.096296
1 0.693056 0.565432 0.061111 0.098765
1 0.620833 0.52716 0.063889 0.116049
1 0.547917 0.519753 0.065278 0.125926
1 0.538889 0.654321 0.072222 0.123457
1 0.422917 0.78642 0.081944 0.165432
0 0.619444 0.77037 0.061111 0.083951
