1 0.450694 0.153086 0.051389 0.088889
0 0.614583 0.804938 0.073611 0.14321
0 0.261806 0.637037 0.059722 0.162963
0 0.232639 0.523457 0.081944 0.123457
3 0.15625 0.288889 0.068056 0.098765
3 0.359722 0.351852 0.077778 0.135802
0 0.497222 0.62716 0.055556 0.098765
1 0.409722 0.624691 0.077778 0.128395
1 0.804167 0.937037 0.086111 0.120988
1 0.766667 0.338272 0.061111 0.083951
1 0.834722 0.31358 0.066667 0.093827
1 0.806944 0.166667 0.063889 0.091358
1 0.682639 0.177778 0.045833 0.079012
1 0.731944 0.058025 0.044444 0.076543
0 0.352083 0.949383 0.118056 0.096296
