1 0.5875 0.049383 0.033333 0.054321
1 0.145139 0.677778 0.048611 0.076543
1 0.195833 0.649383 0.05 0.069136
1 0.240972 0.825926 0.0625 0.120988
1 0.280556 0.638272 0.05 0.091358
1 0.363194 0.565432 0.051389 0.074074
1 0.454167 0.334568 0.061111 0.116049
1 0.45625 0.475309 0.065278 0.116049
1 0.705556 0.22716 0.125 0.182716
1 0.493056 0.746914 0.080556 0.140741
1 0.478472 0.960494 0.090278 0.074074
3 0.358333 0.858025 0.086111 0.106173
0 0.467361 0.601235 0.026389 0.111111
3 0.866667 0.220988 0.147222 0.204938
3 0.973611 0.251852 0.05 0.138272
3 0.936111 0.587654 0.125 0.232099
0 0.883333 0.876543 0.230556 0.241975
