1 0.645833 0.487654 0.083333 0.125926
3 0.538194 0.055556 0.043056 0.041975
0 0.538889 0.102469 0.033333 0.041975
0 0.514583 0.159259 0.034722 0.091358
0 0.679861 0.090123 0.0625 0.051852
0 0.614583 0.067901 0.051389 0.051852
3 0.635417 0.591358 0.043056 0.076543
3 0.405556 0.934568 0.088889 0.125926
1 0.741667 0.933333 0.111111 0.128395
1 0.2625 0.050617 0.047222 0.061728
1 0.2625 0.611111 0.063889 0.204938
3 0.666667 0.801235 0.041667 0.120988
3 0.577778 0.680247 0.075 0.145679
1 0.682639 0.161728 0.048611 0.061728
3 0.64375 0.341975 0.034722 0.061728
3 0.566667 0.328395 0.052778 0.064198
3 0.835417 0.376543 0.084722 0.076543
1 0.235417 0.430864 0.031944 0.106173
0 0.854861 0.179012 0.048611 0.120988
0 0.372222 0.193827 0.086111 0.061728
1 0.365972 0.045679 0.043056 0.071605
0 0.963194 0.575309 0.065278 0.148148
