0 0.689583 0.383951 0.070833 0.076543
0 0.696528 0.344444 0.0875 0.05679
1 0.438194 0.122222 0.056944 0.106173
1 0.46875 0.085185 0.040278 0.076543
1 0.476389 0.020988 0.041667 0.041975
1 0.495833 0.077778 0.030556 0.076543
1 0.386806 0.118519 0.054167 0.088889
1 0.3125 0.264198 0.052778 0.093827
1 0.519444 0.435802 0.033333 0.08642
1 0.553472 0.481481 0.054167 0.093827
1 0.627778 0.541975 0.077778 0.101235
1 0.350694 0.796296 0.079167 0.145679
1 0.193056 0.707407 0.136111 0.259259
3 0.148611 0.601235 0.105556 0.111111
