0 0.977083 0.714815 0.043056 0.214815
3 0.481944 0.269136 0.063889 0.108642
1 0.328472 0.025926 0.0375 0.051852
1 0.354861 0.096296 0.043056 0.069136
1 0.39375 0.062963 0.048611 0.08642
1 0.604167 0.128395 0.047222 0.088889
1 0.655556 0.204938 0.055556 0.088889
1 0.695139 0.27284 0.043056 0.08642
1 0.864583 0.130864 0.045833 0.088889
1 0.954167 0.154321 0.044444 0.076543
1 0.83125 0.451852 0.040278 0.074074
1 0.753472 0.371605 0.034722 0.066667
1 0.724306 0.418519 0.054167 0.081481
1 0.326389 0.441975 0.05 0.11358
1 0.35 0.538272 0.058333 0.123457
1 0.161111 0.32963 0.058333 0.101235
1 0.036111 0.359259 0.069444 0.106173
3 0.389583 0.92963 0.073611 0.125926
3 0.404167 0.771605 0.066667 0.120988
0 0.116667 0.590123 0.086111 0.103704
