1 0.153472 0.18642 0.109722 0.160494
1 0.536806 0.014815 0.051389 0.02963
1 0.788889 0.112346 0.072222 0.101235
1 0.797917 0.290123 0.051389 0.111111
1 0.611111 0.44321 0.077778 0.130864
1 0.14375 0.519753 0.095833 0.116049
3 0.099306 0.483951 0.045833 0.098765
1 0.251389 0.67037 0.088889 0.140741
1 0.298611 0.524691 0.077778 0.096296
3 0.941667 0.402469 0.113889 0.11358
3 0.561806 0.754321 0.093056 0.175309
3 0.417361 0.528395 0.051389 0.059259
0 0.338194 0.561728 0.093056 0.106173
0 0.336111 0.817284 0.075 0.212346
