0 0.761111 0.565432 0.097222 0.187654
3 0.827778 0.54321 0.058333 0.059259
3 0.786806 0.787654 0.090278 0.118519
3 0.902083 0.587654 0.106944 0.14321
1 0.300694 0.938272 0.084722 0.108642
1 0.454861 0.945679 0.070833 0.103704
1 0.556944 0.830864 0.086111 0.135802
1 0.684028 0.419753 0.065278 0.138272
1 0.585417 0.380247 0.051389 0.079012
1 0.623611 0.32716 0.055556 0.076543
1 0.563194 0.274074 0.048611 0.059259
1 0.449306 0.250617 0.029167 0.046914
1 0.340278 0.251852 0.038889 0.079012
1 0.213889 0.596296 0.111111 0.165432
3 0.689583 0.308642 0.054167 0.069136
