1 0.872222 0.109877 0.058333 0.091358
0 0.815278 0.192593 0.072222 0.074074
0 0.779167 0.08642 0.061111 0.064198
0 0.305556 0.230864 0.094444 0.091358
1 0.109722 0.280247 0.1 0.160494
1 0.153472 0.501235 0.106944 0.222222
1 0.806944 0.349383 0.1 0.120988
1 0.870833 0.265432 0.088889 0.145679
1 0.970139 0.285185 0.056944 0.175309
1 0.920833 0.525926 0.155556 0.316049
1 0.486111 0.295062 0.066667 0.111111
1 0.624306 0.528395 0.109722 0.237037
3 0.543056 0.516049 0.091667 0.148148
2 0.722917 0.604938 0.0625 0.079012
3 0.694444 0.490123 0.080556 0.116049
