1 0.086111 0.05679 0.052778 0.074074
1 0.0625 0.322222 0.066667 0.101235
1 0.122917 0.577778 0.076389 0.108642
1 0.038194 0.595062 0.054167 0.083951
1 0.124306 0.801235 0.090278 0.135802
1 0.077083 0.893827 0.0875 0.118519
1 0.21875 0.902469 0.051389 0.096296
1 0.192361 0.72963 0.048611 0.08642
1 0.279167 0.640741 0.052778 0.08642
1 0.341667 0.460494 0.033333 0.05679
1 0.401389 0.437037 0.025 0.044444
1 0.425 0.42716 0.022222 0.034568
1 0.463194 0.454321 0.020833 0.034568
1 0.481944 0.496296 0.027778 0.044444
1 0.447222 0.616049 0.047222 0.096296
1 0.476389 0.68642 0.044444 0.093827
1 0.654861 0.662963 0.034722 0.076543
1 0.674306 0.625926 0.034722 0.071605
1 0.75625 0.94321 0.043056 0.083951
