1 0.073611 0.049383 0.091667 0.098765
1 0.186806 0.034568 0.076389 0.069136
0 0.426389 0.75679 0.116667 0.120988
0 0.371528 0.492593 0.118056 0.120988
0 0.126389 0.112346 0.113889 0.120988
0 0.356944 0.266667 0.058333 0.069136
3 0.660417 0.624691 0.056944 0.133333
3 0.609722 0.690123 0.05 0.111111
3 0.676389 0.820988 0.072222 0.160494
3 0.600694 0.824691 0.079167 0.158025
1 0.711111 0.338272 0.044444 0.093827
1 0.622917 0.57284 0.059722 0.103704
1 0.540972 0.506173 0.090278 0.182716
3 0.3875 0.04321 0.055556 0.08642
3 0.651389 0.124691 0.047222 0.116049
