1 0.211806 0.4 0.029167 0.044444
1 0.30625 0.274074 0.051389 0.064198
1 0.392361 0.308642 0.043056 0.074074
1 0.549306 0.620988 0.059722 0.106173
1 0.498611 0.798765 0.066667 0.116049
1 0.279167 0.72716 0.05 0.091358
1 0.157639 0.876543 0.056944 0.074074
1 0.835417 0.52963 0.054167 0.106173
1 0.897222 0.480247 0.047222 0.071605
3 0.126389 0.488889 0.044444 0.074074
3 0.450694 0.58642 0.040278 0.066667
3 0.329861 0.469136 0.040278 0.059259
1 0.509028 0.034568 0.040278 0.064198
1 0.613889 0.144444 0.022222 0.05679
1 0.5375 0.330864 0.038889 0.044444
