3 0.538194 0.558025 0.0875 0.133333
1 0.857639 0.507407 0.104167 0.155556
1 0.76875 0.514815 0.081944 0.155556
1 0.808333 0.365432 0.066667 0.123457
1 0.733333 0.335802 0.066667 0.098765
1 0.654861 0.385185 0.076389 0.118519
1 0.604167 0.475309 0.088889 0.160494
1 0.609028 0.748148 0.070833 0.148148
1 0.538194 0.849383 0.095833 0.14321
1 0.183333 0.834568 0.091667 0.133333
1 0.3875 0.937037 0.088889 0.120988
1 0.393056 0.77037 0.088889 0.133333
1 0.479861 0.635802 0.0875 0.120988
1 0.490278 0.42716 0.075 0.123457
1 0.654167 0.25679 0.055556 0.11358
1 0.535417 0.3 0.070833 0.101235
1 0.4375 0.254321 0.063889 0.11358
1 0.907639 0.193827 0.045833 0.101235
1 0.721528 0.130864 0.045833 0.074074
1 0.610417 0.067901 0.054167 0.101235
1 0.459028 0.101235 0.051389 0.103704
1 0.3625 0.150617 0.069444 0.103704
