0 0.786806 0.407407 0.159722 0.123457
0 0.736111 0.285185 0.155556 0.081481
1 0.820139 0.081481 0.076389 0.162963
1 0.74375 0.167901 0.098611 0.167901
1 0.346528 0.301235 0.1125 0.158025
1 0.402778 0.438272 0.105556 0.125926
1 0.277778 0.235802 0.072222 0.135802
1 0.570139 0.950617 0.104167 0.093827
1 0.409722 0.612346 0.130556 0.266667
1 0.55625 0.52963 0.081944 0.145679
1 0.610417 0.712346 0.118056 0.214815
1 0.33125 0.918519 0.129167 0.158025
1 0.250694 0.477778 0.084722 0.106173
1 0.184028 0.659259 0.145833 0.222222
1 0.466667 0.238272 0.088889 0.140741
1 0.376389 0.146914 0.080556 0.130864
1 0.26875 0.07037 0.073611 0.135802
1 0.181944 0.174074 0.091667 0.140741
1 0.104167 0.393827 0.111111 0.130864
