3 0.142361 0.779012 0.129167 0.135802
3 0.674306 0.691358 0.076389 0.11358
3 0.454861 0.558025 0.048611 0.079012
3 0.495833 0.602469 0.05 0.064198
3 0.575 0.622222 0.077778 0.123457
1 0.175694 0.667901 0.098611 0.101235
1 0.405556 0.674074 0.063889 0.093827
1 0.298611 0.654321 0.088889 0.098765
1 0.305556 0.744444 0.077778 0.101235
1 0.622917 0.844444 0.073611 0.14321
1 0.722222 0.883951 0.080556 0.138272
1 0.80625 0.879012 0.081944 0.118519
0 0.498611 0.701235 0.047222 0.14321
1 0.036806 0.896296 0.073611 0.187654
