2 0.889583 0.371605 0.043056 0.046914
2 0.340278 0.579012 0.038889 0.037037
2 0.316667 0.612346 0.022222 0.039506
2 0.504861 0.580247 0.026389 0.02963
2 0.375 0.306173 0.055556 0.054321
2 0.4 0.276543 0.038889 0.044444
1 0.790972 0.762963 0.106944 0.162963
1 0.754861 0.608642 0.101389 0.185185
1 0.728472 0.435802 0.1125 0.155556
1 0.661806 0.524691 0.090278 0.135802
1 0.858333 0.509877 0.122222 0.165432
1 0.8125 0.338272 0.069444 0.108642
1 0.805556 0.209877 0.069444 0.138272
1 0.736111 0.130864 0.058333 0.11358
1 0.629861 0.219753 0.070833 0.103704
1 0.465278 0.183951 0.058333 0.101235
1 0.296528 0.909877 0.0875 0.175309
1 0.578472 0.811111 0.070833 0.145679
1 0.425694 0.937037 0.095833 0.120988
1 0.488889 0.748148 0.077778 0.167901
1 0.411111 0.771605 0.066667 0.135802
1 0.356944 0.507407 0.058333 0.091358
1 0.288889 0.520988 0.072222 0.103704
1 0.5 0.367901 0.077778 0.11358
1 0.377778 0.382716 0.063889 0.083951
1 0.425 0.492593 0.075 0.071605
1 0.409028 0.576543 0.076389 0.096296
1 0.259028 0.641975 0.073611 0.103704
