1 0.16875 0.639506 0.104167 0.158025
1 0.743056 0.492593 0.088889 0.17037
1 0.874306 0.760494 0.065278 0.11358
1 0.461806 0.144444 0.051389 0.066667
1 0.35 0.135802 0.030556 0.064198
1 0.397917 0.02963 0.029167 0.049383
3 0.283333 0.323457 0.05 0.069136
3 0.026389 0.502469 0.044444 0.120988
3 0.16875 0.785185 0.090278 0.088889
0 0.4375 0.585185 0.097222 0.17284
0 0.51875 0.255556 0.140278 0.081481
0 0.059028 0.467901 0.093056 0.185185
0 0.163194 0.496296 0.084722 0.123457
3 0.611111 0.308642 0.058333 0.069136
0 0.609028 0.48642 0.051389 0.138272
0 0.81875 0.77037 0.034722 0.192593
