2 0.817361 0.869136 0.140278 0.232099
1 0.095139 0.145679 0.068056 0.133333
1 0.213889 0.265432 0.061111 0.130864
1 0.272917 0.335802 0.065278 0.098765
1 0.289583 0.203704 0.0625 0.120988
1 0.363889 0.140741 0.05 0.098765
1 0.241667 0.137037 0.052778 0.091358
1 0.204167 0.092593 0.072222 0.106173
1 0.317361 0.038272 0.043056 0.076543
1 0.415972 0.02963 0.073611 0.054321
1 0.553472 0.353086 0.090278 0.153086
1 0.276389 0.954321 0.088889 0.08642
0 0.484028 0.581481 0.143056 0.185185
0 0.504167 0.762963 0.230556 0.182716
2 0.702083 0.893827 0.076389 0.123457
2 0.798611 0.490123 0.094444 0.145679
2 0.318056 0.476543 0.094444 0.133333
