1 0.166667 0.151852 0.075 0.140741
3 0.154861 0.355556 0.101389 0.138272
3 0.250694 0.318519 0.081944 0.138272
3 0.365278 0.417284 0.102778 0.148148
3 0.753472 0.750617 0.115278 0.251852
3 0.872222 0.744444 0.130556 0.249383
3 0.098611 0.728395 0.138889 0.22716
3 0.200694 0.912346 0.076389 0.120988
0 0.359028 0.030864 0.084722 0.051852
0 0.382639 0.15679 0.1125 0.116049
0 0.495139 0.317284 0.134722 0.101235
0 0.641667 0.508642 0.141667 0.192593
0 0.445139 0.581481 0.076389 0.155556
0 0.295139 0.559259 0.1375 0.116049
