1 0.547917 0.135802 0.031944 0.054321
1 0.294444 0.345679 0.027778 0.044444
1 0.127778 0.907407 0.072222 0.091358
1 0.205556 0.803704 0.047222 0.08642
1 0.405556 0.701235 0.044444 0.074074
1 0.434028 0.560494 0.040278 0.059259
1 0.286111 0.533333 0.036111 0.054321
1 0.411111 0.325926 0.036111 0.054321
1 0.68125 0.591358 0.031944 0.08642
1 0.711111 0.575309 0.027778 0.054321
1 0.111111 0.520988 0.044444 0.044444
1 0.230556 0.609877 0.027778 0.039506
1 0.370139 0.280247 0.023611 0.041975
3 0.08125 0.641975 0.031944 0.034568
3 0.14375 0.669136 0.043056 0.059259
