2 0.561111 0.796296 0.091667 0.140741
1 0.539583 0.14321 0.056944 0.093827
1 0.740972 0.155556 0.068056 0.098765
1 0.85 0.182716 0.063889 0.118519
1 0.825 0.304938 0.083333 0.135802
1 0.936806 0.355556 0.084722 0.133333
1 0.98125 0.504938 0.034722 0.130864
1 0.75 0.650617 0.069444 0.106173
1 0.598611 0.47037 0.083333 0.145679
1 0.479861 0.488889 0.098611 0.138272
1 0.359722 0.441975 0.069444 0.103704
1 0.269444 0.402469 0.077778 0.123457
1 0.036806 0.461728 0.073611 0.153086
3 0.125 0.225926 0.080556 0.120988
3 0.381944 0.059259 0.055556 0.093827
3 0.510417 0.044444 0.048611 0.079012
