3 0.891667 0.528395 0.072222 0.093827
3 0.529167 0.932099 0.125 0.130864
1 0.720833 0.207407 0.080556 0.128395
1 0.699306 0.064198 0.068056 0.093827
1 0.632639 0.287654 0.070833 0.125926
0 0.670833 0.583951 0.122222 0.204938
3 0.539583 0.222222 0.0625 0.093827
3 0.499306 0.322222 0.093056 0.130864
0 0.26875 0.283951 0.181944 0.103704
3 0.370139 0.435802 0.090278 0.135802
3 0.204167 0.195062 0.105556 0.118519
1 0.734722 0.91358 0.083333 0.167901
1 0.041667 0.530864 0.075 0.118519
1 0.157639 0.774074 0.1125 0.195062
1 0.177083 0.550617 0.093056 0.148148
1 0.108333 0.364198 0.080556 0.106173
1 0.548611 0.051852 0.105556 0.098765
1 0.372917 0.083951 0.093056 0.14321
1 0.184028 0.050617 0.0875 0.081481
1 0.098611 0.193827 0.086111 0.111111
