1 0.798611 0.224691 0.086111 0.148148
1 0.336806 0.806173 0.084722 0.175309
1 0.366667 0.095062 0.075 0.116049
1 0.498611 0.092593 0.069444 0.116049
1 0.563194 0.18642 0.043056 0.091358
1 0.434722 0.330864 0.069444 0.123457
1 0.520833 0.52963 0.066667 0.145679
1 0.825694 0.509877 0.090278 0.17037
1 0.890972 0.75679 0.093056 0.185185
1 0.779167 0.841975 0.094444 0.153086
1 0.622222 0.679012 0.083333 0.148148
3 0.409722 0.492593 0.066667 0.106173
0 0.925 0.374074 0.147222 0.120988
3 0.604861 0.360494 0.068056 0.103704
3 0.478472 0.928395 0.065278 0.11358
