1 0.052778 0.066667 0.105556 0.133333
1 0.593056 0.195062 0.111111 0.202469
1 0.707639 0.314815 0.090278 0.190123
1 0.804167 0.317284 0.088889 0.150617
1 0.281944 0.711111 0.105556 0.202469
1 0.329861 0.935802 0.106944 0.123457
1 0.474306 0.932099 0.104167 0.130864
3 0.100694 0.355556 0.173611 0.202469
3 0.465972 0.566667 0.151389 0.254321
3 0.554167 0.78642 0.083333 0.155556
3 0.726389 0.592593 0.055556 0.093827
0 0.682639 0.54321 0.056944 0.251852
3 0.885417 0.190123 0.059722 0.11358
3 0.1125 0.588889 0.122222 0.190123
3 0.879167 0.354321 0.05 0.106173
