1 0.14375 0.745679 0.104167 0.158025
1 0.321528 0.71358 0.084722 0.128395
1 0.527083 0.851852 0.084722 0.138272
1 0.682639 0.430864 0.079167 0.120988
1 0.706944 0.197531 0.055556 0.088889
1 0.223611 0.428395 0.063889 0.091358
1 0.309028 0.537037 0.084722 0.120988
1 0.31875 0.398765 0.084722 0.150617
1 0.436806 0.420988 0.070833 0.135802
1 0.527778 0.467901 0.058333 0.130864
1 0.5 0.22716 0.05 0.074074
1 0.527778 0.320988 0.091667 0.103704
1 0.575694 0.265432 0.048611 0.101235
1 0.204861 0.128395 0.065278 0.093827
1 0.389583 0.040741 0.065278 0.076543
1 0.489583 0.092593 0.054167 0.091358
1 0.548611 0.096296 0.052778 0.098765
1 0.695833 0.091358 0.058333 0.074074
3 0.584722 0.57037 0.069444 0.083951
