0 0.948611 0.777778 0.1 0.128395
0 0.465972 0.471605 0.093056 0.128395
0 0.375694 0.425926 0.040278 0.120988
0 0.666667 0.520988 0.102778 0.246914
0 0.522222 0.809877 0.172222 0.103704
3 0.452778 0.941975 0.1 0.111111
1 0.250694 0.266667 0.051389 0.093827
1 0.281944 0.719753 0.075 0.140741
1 0.241667 0.508642 0.091667 0.11358
1 0.409028 0.27037 0.070833 0.096296
1 0.43125 0.159259 0.045833 0.08642
1 0.547222 0.503704 0.052778 0.133333
1 0.505556 0.337037 0.047222 0.096296
1 0.569444 0.309877 0.072222 0.140741
1 0.529167 0.122222 0.069444 0.116049
1 0.4375 0.039506 0.036111 0.059259
1 0.374306 0.088889 0.051389 0.088889
