3 0.793056 0.065432 0.066667 0.091358
3 0.972222 0.881481 0.052778 0.128395
3 0.497917 0.575309 0.045833 0.083951
3 0.275 0.333333 0.052778 0.064198
3 0.198611 0.62716 0.063889 0.074074
3 0.093056 0.619753 0.041667 0.049383
1 0.524306 0.72716 0.051389 0.091358
1 0.44375 0.602469 0.054167 0.088889
1 0.354861 0.506173 0.054167 0.093827
1 0.947917 0.05679 0.101389 0.11358
1 0.963194 0.237037 0.070833 0.162963
1 0.647917 0.497531 0.070833 0.130864
0 0.702083 0.480247 0.054167 0.130864
0 0.761111 0.398765 0.072222 0.185185
0 0.578472 0.57037 0.073611 0.093827
