1 0.065972 0.298765 0.106944 0.138272
1 0.208333 0.130864 0.063889 0.098765
1 0.303472 0.054321 0.054167 0.088889
1 0.199306 0.044444 0.051389 0.088889
1 0.358333 0.102469 0.055556 0.106173
1 0.275694 0.267901 0.059722 0.106173
1 0.359028 0.204938 0.065278 0.088889
1 0.390278 0.335802 0.091667 0.133333
1 0.229167 0.404938 0.105556 0.158025
1 0.028472 0.648148 0.054167 0.175309
1 0.099306 0.660494 0.056944 0.111111
3 0.188194 0.275309 0.054167 0.08642
3 0.434028 0.074074 0.076389 0.088889
3 0.473611 0.233333 0.1 0.145679
3 0.553472 0.192593 0.059722 0.108642
3 0.545833 0.31358 0.088889 0.128395
3 0.686806 0.449383 0.104167 0.138272
3 0.755556 0.761728 0.122222 0.145679
3 0.884028 0.238272 0.134722 0.145679
3 0.889583 0.450617 0.120833 0.125926
2 0.499306 0.417284 0.023611 0.02963
2 0.660417 0.359259 0.020833 0.02716
2 0.939583 0.601235 0.118056 0.180247
3 0.236806 0.577778 0.059722 0.108642
0 0.073611 0.496296 0.066667 0.123457
