1 0.080556 0.393827 0.119444 0.175309
1 0.217361 0.334568 0.079167 0.111111
1 0.30625 0.391358 0.098611 0.135802
1 0.427778 0.439506 0.088889 0.14321
1 0.5625 0.487654 0.086111 0.145679
1 0.403472 0.590123 0.065278 0.098765
1 0.175 0.522222 0.105556 0.165432
1 0.022222 0.544444 0.044444 0.165432
3 0.303472 0.216049 0.070833 0.106173
3 0.381944 0.316049 0.108333 0.138272
3 0.278472 0.554321 0.093056 0.145679
3 0.423611 0.82716 0.161111 0.25679
3 0.545139 0.651852 0.123611 0.197531
3 0.243056 0.940741 0.133333 0.11358
0 0.665972 0.106173 0.098611 0.158025
0 0.496528 0.298765 0.1125 0.098765
0 0.686111 0.659259 0.141667 0.17284
0 0.763194 0.935802 0.109722 0.123457
3 0.646528 0.409877 0.1125 0.148148
0 0.452778 0.055556 0.083333 0.091358
