2 0.619444 0.171605 0.077778 0.111111
0 0.23125 0.269136 0.084722 0.133333
1 0.017361 0.393827 0.029167 0.145679
1 0.100694 0.345679 0.070833 0.123457
1 0.320833 0.620988 0.105556 0.165432
1 0.164583 0.175309 0.084722 0.123457
1 0.207639 0.051852 0.079167 0.098765
1 0.323611 0.064198 0.086111 0.128395
1 0.038889 0.169136 0.052778 0.101235
3 0.110417 0.069136 0.095833 0.133333
0 0.269444 0.861728 0.108333 0.202469
0 0.675 0.74321 0.072222 0.316049
2 0.560417 0.776543 0.090278 0.155556
0 0.849306 0.42963 0.068056 0.232099
