1 0.09375 0.08642 0.095833 0.153086
1 0.120139 0.28642 0.095833 0.158025
1 0.1125 0.481481 0.086111 0.153086
1 0.541667 0.17284 0.080556 0.148148
1 0.621528 0.039506 0.0875 0.079012
1 0.691667 0.119753 0.086111 0.155556
1 0.657639 0.377778 0.0875 0.162963
1 0.511806 0.395062 0.104167 0.153086
1 0.947917 0.47037 0.101389 0.180247
1 0.481944 0.864198 0.105556 0.182716
1 0.168056 0.896296 0.077778 0.128395
3 0.215972 0.697531 0.056944 0.101235
3 0.580556 0.658025 0.069444 0.116049
3 0.834028 0.319753 0.073611 0.130864
3 0.753472 0.32716 0.098611 0.180247
3 0.448611 0.253086 0.080556 0.111111
