2 0.554861 0.851852 0.106944 0.187654
3 0.691667 0.638272 0.077778 0.130864
0 0.550694 0.083951 0.048611 0.103704
0 0.642361 0.067901 0.056944 0.111111
0 0.693056 0.138272 0.063889 0.108642
0 0.596528 0.154321 0.051389 0.08642
0 0.411806 0.149383 0.065278 0.08642
0 0.483333 0.218519 0.052778 0.081481
0 0.513194 0.323457 0.0625 0.093827
0 0.322917 0.419753 0.079167 0.093827
0 0.450694 0.537037 0.0625 0.120988
0 0.520139 0.681481 0.084722 0.128395
0 0.307639 0.669136 0.076389 0.098765
0 0.365972 0.575309 0.0625 0.11358
0 0.188889 0.595062 0.088889 0.11358
0 0.736111 0.34321 0.169444 0.158025
