1 0.23125 0.245679 0.054167 0.071605
1 0.475694 0.044444 0.0625 0.079012
1 0.722222 0.246914 0.077778 0.158025
1 0.747222 0.606173 0.105556 0.135802
1 0.898611 0.539506 0.072222 0.08642
1 0.847917 0.571605 0.026389 0.051852
1 0.380556 0.396296 0.061111 0.05679
1 0.420139 0.085185 0.034722 0.066667
3 0.494444 0.374074 0.080556 0.120988
3 0.46875 0.504938 0.040278 0.081481
3 0.339583 0.951852 0.0375 0.091358
0 0.45 0.712346 0.094444 0.214815
0 0.624306 0.753086 0.140278 0.083951
2 0.446528 0.614815 0.023611 0.044444
2 0.583333 0.838272 0.025 0.02716
2 0.340278 0.359259 0.019444 0.041975
