1 0.535417 0.134568 0.056944 0.106173
1 0.220139 0.25679 0.065278 0.098765
1 0.206944 0.938272 0.094444 0.118519
1 0.570139 0.814815 0.068056 0.14321
1 0.638194 0.681481 0.095833 0.197531
1 0.542361 0.533333 0.059722 0.123457
1 0.604167 0.269136 0.086111 0.17284
1 0.429861 0.354321 0.084722 0.140741
1 0.398611 0.081481 0.066667 0.133333
1 0.134028 0.71358 0.079167 0.103704
1 0.9625 0.098765 0.072222 0.192593
1 0.665278 0.05679 0.069444 0.11358
1 0.470139 0.207407 0.070833 0.133333
1 0.188889 0.603704 0.113889 0.125926
0 0.484722 0.676543 0.102778 0.192593
0 0.369444 0.549383 0.052778 0.116049
3 0.65 0.477778 0.094444 0.145679
3 0.852083 0.25679 0.090278 0.153086
3 0.454861 0.8 0.070833 0.14321
2 0.433333 0.562963 0.038889 0.059259
2 0.503472 0.392593 0.020833 0.054321
