3 0.541667 0.4 0.044444 0.064198
3 0.602778 0.471605 0.041667 0.054321
3 0.382639 0.633333 0.048611 0.066667
3 0.338194 0.687654 0.048611 0.061728
1 0.542361 0.281481 0.020833 0.02963
1 0.572222 0.225926 0.016667 0.032099
1 0.978472 0.361728 0.040278 0.08642
1 0.948611 0.223457 0.041667 0.066667
1 0.867361 0.835802 0.059722 0.106173
1 0.761111 0.718519 0.05 0.103704
1 0.773611 0.590123 0.063889 0.093827
1 0.6875 0.611111 0.044444 0.081481
1 0.625694 0.364198 0.040278 0.066667
1 0.444444 0.907407 0.041667 0.08642
1 0.389583 0.791358 0.026389 0.066667
1 0.422917 0.545679 0.031944 0.054321
1 0.339583 0.541975 0.026389 0.061728
1 0.158333 0.777778 0.041667 0.054321
