3 0.288889 0.396296 0.075 0.091358
3 0.898611 0.323457 0.066667 0.074074
3 0.604167 0.354321 0.052778 0.076543
3 0.686111 0.37037 0.061111 0.083951
3 0.613889 0.802469 0.066667 0.128395
3 0.675 0.637037 0.066667 0.108642
1 0.554167 0.646914 0.061111 0.103704
1 0.693056 0.132099 0.038889 0.05679
1 0.627083 0.266667 0.0375 0.059259
1 0.58125 0.265432 0.034722 0.05679
1 0.506944 0.028395 0.030556 0.05679
1 0.466667 0.103704 0.036111 0.064198
1 0.400694 0.149383 0.034722 0.05679
1 0.399306 0.380247 0.040278 0.069136
1 0.190278 0.390123 0.066667 0.083951
1 0.113194 0.128395 0.043056 0.064198
