3 0.571528 0.266667 0.0375 0.079012
3 0.558333 0.696296 0.036111 0.039506
3 0.540972 0.9 0.040278 0.066667
1 0.388889 0.955556 0.033333 0.079012
1 0.557639 0.074074 0.029167 0.059259
1 0.590278 0.196296 0.033333 0.037037
1 0.499306 0.274074 0.031944 0.049383
1 0.591667 0.42716 0.025 0.049383
1 0.55625 0.438272 0.023611 0.032099
1 0.547222 0.535802 0.027778 0.059259
1 0.514583 0.638272 0.031944 0.061728
1 0.480556 0.719753 0.030556 0.066667
1 0.447222 0.64321 0.036111 0.066667
1 0.313889 0.62716 0.033333 0.049383
