1 0.135417 0.214815 0.073611 0.093827
1 0.381944 0.351852 0.063889 0.120988
1 0.376389 0.597531 0.086111 0.138272
1 0.543056 0.217284 0.058333 0.103704
1 0.464583 0.396296 0.0625 0.08642
1 0.471528 0.51358 0.073611 0.098765
1 0.58125 0.512346 0.073611 0.111111
1 0.535417 0.64321 0.076389 0.120988
1 0.660417 0.424691 0.054167 0.074074
1 0.667361 0.680247 0.070833 0.101235
1 0.777083 0.767901 0.070833 0.11358
1 0.426389 0.067901 0.047222 0.08642
3 0.891667 0.853086 0.091667 0.155556
0 0.605556 0.303704 0.055556 0.123457
0 0.627083 0.759259 0.0625 0.185185
0 0.609722 0.479012 0.083333 0.153086
