1 0.080556 0.292593 0.083333 0.096296
1 0.465972 0.540741 0.0875 0.14321
1 0.425694 0.290123 0.045833 0.05679
1 0.475 0.349383 0.063889 0.106173
1 0.590972 0.664198 0.093056 0.162963
1 0.459028 0.918519 0.109722 0.158025
1 0.665278 0.549383 0.091667 0.140741
1 0.689583 0.771605 0.0875 0.081481
1 0.538194 0.139506 0.054167 0.076543
1 0.545833 0.217284 0.066667 0.093827
1 0.60625 0.161728 0.051389 0.081481
1 0.632639 0.274074 0.073611 0.088889
1 0.649306 0.390123 0.0875 0.153086
0 0.3125 0.480247 0.083333 0.214815
