0 0.195833 0.814815 0.072222 0.098765
0 0.195139 0.71358 0.031944 0.074074
0 0.228472 0.612346 0.084722 0.044444
2 0.611806 0.937037 0.020833 0.037037
2 0.619444 0.741975 0.016667 0.032099
3 0.860417 0.309877 0.051389 0.051852
3 0.681944 0.47284 0.05 0.071605
3 0.579167 0.382716 0.041667 0.059259
1 0.923611 0.12716 0.047222 0.046914
1 0.809028 0.074074 0.0375 0.054321
1 0.665278 0.234568 0.030556 0.044444
1 0.496528 0.198765 0.029167 0.046914
1 0.430556 0.838272 0.072222 0.130864
1 0.245139 0.066667 0.0375 0.034568
1 0.164583 0.092593 0.051389 0.061728
