1 0.391667 0.216049 0.058333 0.08642
1 0.364583 0.487654 0.065278 0.106173
1 0.372222 0.630864 0.058333 0.111111
1 0.470833 0.364198 0.066667 0.101235
1 0.486111 0.487654 0.083333 0.125926
1 0.477083 0.635802 0.073611 0.120988
1 0.633333 0.225926 0.063889 0.111111
1 0.888194 0.241975 0.073611 0.133333
1 0.811806 0.361728 0.076389 0.116049
1 0.960417 0.316049 0.076389 0.14321
1 0.944444 0.537037 0.108333 0.160494
1 0.798611 0.562963 0.102778 0.162963
1 0.788194 0.944444 0.101389 0.106173
1 0.528472 0.944444 0.056944 0.091358
3 0.363889 0.850617 0.091667 0.130864
3 0.536111 0.81358 0.05 0.091358
3 0.733333 0.67037 0.077778 0.145679
3 0.885417 0.796296 0.076389 0.140741
3 0.733333 0.453086 0.066667 0.106173
0 0.404861 0.711111 0.095833 0.069136
1 0.197917 0.539506 0.095833 0.116049
3 0.380556 0.348148 0.055556 0.093827
0 0.623611 0.350617 0.063889 0.079012
