0 0.875 0.17037 0.133333 0.14321
3 0.698611 0.507407 0.105556 0.17037
3 0.736111 0.218519 0.1 0.180247
3 0.716667 0.053086 0.094444 0.106173
3 0.623611 0.248148 0.083333 0.17037
3 0.521528 0.18642 0.104167 0.185185
1 0.272917 0.95679 0.118056 0.081481
1 0.072917 0.912346 0.145833 0.17037
1 0.316667 0.767901 0.127778 0.192593
1 0.474306 0.7 0.093056 0.160494
1 0.813889 0.767901 0.086111 0.153086
1 0.723611 0.832099 0.077778 0.14321
1 0.745139 0.633333 0.076389 0.130864
1 0.568056 0.549383 0.091667 0.195062
1 0.476389 0.461728 0.083333 0.158025
1 0.378472 0.55679 0.104167 0.175309
1 0.230556 0.579012 0.105556 0.175309
1 0.789583 0.371605 0.101389 0.116049
1 0.515278 0.034568 0.055556 0.069136
1 0.252778 0.138272 0.094444 0.108642
1 0.033333 0.254321 0.063889 0.158025
