0 0.518056 0.441975 0.033333 0.162963
3 0.597917 0.641975 0.0625 0.079012
3 0.479861 0.796296 0.115278 0.145679
0 0.832639 0.248148 0.118056 0.096296
0 0.663889 0.676543 0.108333 0.158025
1 0.705556 0.241975 0.055556 0.069136
1 0.704167 0.390123 0.069444 0.083951
1 0.647917 0.382716 0.051389 0.069136
1 0.613194 0.439506 0.045833 0.079012
1 0.615278 0.522222 0.066667 0.096296
1 0.71875 0.504938 0.073611 0.101235
1 0.698611 0.622222 0.069444 0.11358
1 0.707639 0.825926 0.079167 0.130864
1 0.525 0.944444 0.072222 0.106173
1 0.411806 0.939506 0.090278 0.116049
1 0.559722 0.411111 0.05 0.091358
1 0.461111 0.408642 0.055556 0.091358
1 0.500694 0.625926 0.0625 0.106173
1 0.411111 0.660494 0.069444 0.111111
1 0.269444 0.581481 0.086111 0.130864
1 0.444444 0.287654 0.063889 0.106173
1 0.263889 0.348148 0.061111 0.088889
