1 0.174306 0.439506 0.129167 0.187654
1 0.511111 0.412346 0.088889 0.162963
1 0.675 0.485185 0.086111 0.135802
1 0.509028 0.630864 0.101389 0.17037
1 0.455556 0.840741 0.105556 0.175309
1 0.926389 0.893827 0.108333 0.148148
1 0.695139 0.244444 0.0875 0.14321
1 0.5125 0.04321 0.069444 0.08642
1 0.771528 0.167901 0.076389 0.093827
1 0.822222 0.27284 0.061111 0.120988
1 0.879861 0.254321 0.054167 0.123457
1 0.817361 0.123457 0.051389 0.079012
3 0.322222 0.701235 0.144444 0.232099
3 0.5625 0.9 0.113889 0.195062
3 0.585417 0.4 0.059722 0.108642
3 0.307639 0.123457 0.0875 0.098765
0 0.6375 0.632099 0.175 0.123457
3 0.852083 0.776543 0.070833 0.091358
