2 0.636806 0.181481 0.0625 0.125926
1 0.048611 0.760494 0.086111 0.153086
1 0.025 0.05679 0.047222 0.11358
1 0.1625 0.066667 0.088889 0.11358
1 0.295833 0.087654 0.058333 0.101235
1 0.3625 0.149383 0.05 0.101235
1 0.394444 0.285185 0.069444 0.116049
1 0.428472 0.44321 0.073611 0.155556
1 0.508333 0.47037 0.058333 0.08642
3 0.835417 0.912346 0.065278 0.125926
0 0.05625 0.480247 0.084722 0.219753
0 0.285417 0.469136 0.084722 0.167901
2 0.511806 0.393827 0.031944 0.066667
2 0.345139 0.048148 0.026389 0.061728
