0 0.736111 0.332099 0.083333 0.145679
3 0.202778 0.541975 0.052778 0.051852
3 0.619444 0.440741 0.044444 0.076543
3 0.514583 0.244444 0.054167 0.083951
3 0.543056 0.922222 0.044444 0.05679
3 0.551389 0.830864 0.047222 0.091358
3 0.424306 0.903704 0.056944 0.074074
1 0.822917 0.717284 0.040278 0.076543
1 0.896528 0.767901 0.045833 0.064198
1 0.664583 0.754321 0.051389 0.08642
1 0.786111 0.887654 0.05 0.096296
1 0.43125 0.596296 0.048611 0.066667
1 0.713889 0.485185 0.044444 0.076543
1 0.68125 0.081481 0.031944 0.059259
1 0.59375 0.274074 0.045833 0.088889
1 0.343056 0.248148 0.05 0.071605
