3 0.750694 0.541975 0.040278 0.081481
3 0.704167 0.520988 0.047222 0.054321
0 0.63125 0.850617 0.070833 0.091358
3 0.706944 0.911111 0.075 0.162963
3 0.607639 0.459259 0.068056 0.118519
0 0.453472 0.391358 0.068056 0.091358
3 0.390278 0.381481 0.047222 0.08642
3 0.29375 0.424691 0.076389 0.093827
1 0.615278 0.212346 0.069444 0.128395
1 0.709722 0.439506 0.058333 0.088889
1 0.667361 0.334568 0.056944 0.091358
1 0.58125 0.337037 0.059722 0.091358
1 0.518056 0.361728 0.047222 0.101235
1 0.500694 0.271605 0.059722 0.093827
1 0.216667 0.087654 0.066667 0.106173
