1 0.047917 0.520988 0.070833 0.083951
1 0.145833 0.508642 0.086111 0.093827
1 0.24375 0.461728 0.065278 0.088889
1 0.174306 0.262963 0.056944 0.096296
1 0.151389 0.390123 0.072222 0.103704
1 0.355556 0.562963 0.077778 0.158025
1 0.424306 0.476543 0.076389 0.123457
1 0.520139 0.477778 0.065278 0.116049
1 0.471528 0.585185 0.095833 0.162963
1 0.55 0.666667 0.091667 0.167901
1 0.43125 0.833333 0.104167 0.185185
1 0.214583 0.628395 0.115278 0.120988
1 0.107639 0.701235 0.093056 0.14321
1 0.156944 0.891358 0.1 0.182716
1 0.28125 0.951852 0.101389 0.091358
1 0.65625 0.833333 0.090278 0.125926
3 0.322222 0.240741 0.055556 0.111111
3 0.240278 0.325926 0.069444 0.138272
3 0.296528 0.719753 0.095833 0.155556
0 0.546528 0.822222 0.109722 0.14321
2 0.817361 0.302469 0.068056 0.101235
