3 0.884028 0.624691 0.093056 0.108642
1 0.13125 0.35679 0.070833 0.106173
1 0.516667 0.180247 0.047222 0.064198
1 0.033333 0.725926 0.063889 0.088889
1 0.129861 0.954321 0.081944 0.08642
1 0.819444 0.937037 0.141667 0.120988
1 0.790972 0.611111 0.079167 0.116049
1 0.947917 0.297531 0.054167 0.081481
1 0.880556 0.280247 0.072222 0.076543
1 0.910417 0.390123 0.079167 0.083951
1 0.775 0.385185 0.061111 0.088889
1 0.661111 0.433333 0.052778 0.061728
1 0.659722 0.5 0.038889 0.061728
1 0.575694 0.483951 0.051389 0.064198
1 0.561806 0.622222 0.093056 0.118519
1 0.427083 0.795062 0.084722 0.11358
1 0.247222 0.745679 0.080556 0.088889
