1 0.906944 0.055556 0.080556 0.111111
0 0.959722 0.222222 0.077778 0.103704
0 0.613194 0.408642 0.068056 0.130864
1 0.538889 0.17284 0.108333 0.182716
1 0.272917 0.564198 0.134722 0.224691
1 0.385417 0.939506 0.076389 0.116049
1 0.85 0.571605 0.033333 0.05679
1 0.91875 0.696296 0.043056 0.059259
3 0.088194 0.874074 0.076389 0.103704
3 0.173611 0.871605 0.058333 0.074074
3 0.259722 0.888889 0.080556 0.093827
3 0.616667 0.958025 0.072222 0.079012
3 0.878472 0.265432 0.065278 0.106173
3 0.601389 0.698765 0.033333 0.054321
0 0.536806 0.955556 0.045833 0.083951
