1 0.055556 0.623457 0.088889 0.111111
1 0.21875 0.887654 0.084722 0.160494
1 0.397917 0.917284 0.090278 0.155556
1 0.6 0.892593 0.080556 0.140741
1 0.823611 0.679012 0.091667 0.158025
1 0.695833 0.475309 0.075 0.120988
1 0.561111 0.35679 0.072222 0.101235
1 0.350694 0.367901 0.070833 0.11358
1 0.334722 0.558025 0.083333 0.14321
1 0.436806 0.493827 0.079167 0.133333
1 0.465972 0.640741 0.0875 0.140741
1 0.559722 0.151852 0.069444 0.091358
1 0.525694 0.498765 0.043056 0.083951
1 0.575 0.602469 0.077778 0.158025
1 0.636111 0.101235 0.052778 0.093827
2 0.549306 0.239506 0.029167 0.049383
