3 0.522917 0.298765 0.081944 0.162963
1 0.041667 0.387654 0.077778 0.153086
1 0.331944 0.245679 0.077778 0.125926
1 0.360417 0.435802 0.090278 0.155556
1 0.060417 0.837037 0.118056 0.217284
1 0.288194 0.908642 0.109722 0.177778
1 0.421528 0.820988 0.0875 0.145679
1 0.516667 0.42963 0.088889 0.148148
1 0.59375 0.612346 0.090278 0.148148
1 0.741667 0.582716 0.094444 0.14321
1 0.704167 0.781481 0.091667 0.17037
1 0.592361 0.464198 0.068056 0.133333
1 0.649306 0.330864 0.068056 0.108642
1 0.727083 0.376543 0.081944 0.120988
1 0.740278 0.091358 0.080556 0.133333
1 0.313194 0.155556 0.059722 0.059259
1 0.360417 0.132099 0.051389 0.096296
1 0.414583 0.158025 0.073611 0.059259
0 0.456944 0.507407 0.063889 0.264198
0 0.602083 0.798765 0.156944 0.249383
0 0.913889 0.193827 0.136111 0.096296
