1 0.85625 0.116049 0.098611 0.138272
1 0.393056 0.438272 0.05 0.091358
1 0.429861 0.644444 0.070833 0.093827
1 0.458333 0.512346 0.05 0.091358
1 0.516667 0.523457 0.058333 0.079012
1 0.529167 0.295062 0.047222 0.091358
1 0.555556 0.387654 0.066667 0.098765
1 0.6 0.544444 0.072222 0.091358
1 0.694444 0.403704 0.094444 0.140741
1 0.658333 0.166667 0.058333 0.125926
1 0.863889 0.24321 0.088889 0.130864
1 0.584722 0.655556 0.075 0.120988
1 0.459722 0.944444 0.080556 0.106173
1 0.569444 0.866667 0.072222 0.158025
1 0.659722 0.876543 0.094444 0.167901
1 0.7625 0.955556 0.088889 0.083951
1 0.877778 0.664198 0.116667 0.202469
1 0.957639 0.55679 0.081944 0.195062
1 0.958333 0.828395 0.080556 0.214815
0 0.501389 0.695062 0.091667 0.091358
0 0.7 0.697531 0.061111 0.125926
