1 0.692361 0.292593 0.0375 0.071605
1 0.645139 0.239506 0.034722 0.054321
1 0.126389 0.751852 0.075 0.101235
1 0.165278 0.635802 0.05 0.066667
1 0.422222 0.923457 0.058333 0.083951
1 0.648611 0.911111 0.069444 0.098765
1 0.908333 0.776543 0.052778 0.08642
1 0.814583 0.634568 0.051389 0.069136
1 0.891667 0.453086 0.047222 0.071605
1 0.765278 0.190123 0.027778 0.064198
1 0.954861 0.237037 0.031944 0.064198
1 0.447222 0.246914 0.030556 0.044444
1 0.504167 0.320988 0.022222 0.034568
3 0.484028 0.760494 0.043056 0.079012
3 0.931944 0.669136 0.055556 0.083951
3 0.882639 0.701235 0.0375 0.059259
