3 0.734722 0.835802 0.091667 0.125926
3 0.90625 0.637037 0.098611 0.088889
3 0.756944 0.606173 0.072222 0.081481
1 0.150694 0.160494 0.031944 0.044444
1 0.379167 0.434568 0.041667 0.059259
1 0.309028 0.948148 0.120833 0.098765
1 0.574306 0.619753 0.048611 0.074074
1 0.633333 0.467901 0.058333 0.096296
1 0.058333 0.551852 0.069444 0.066667
1 0.334722 0.51358 0.063889 0.098765
1 0.270833 0.671605 0.072222 0.103704
0 0.880556 0.693827 0.061111 0.088889
0 0.703472 0.751852 0.065278 0.096296
0 0.652083 0.666667 0.0375 0.103704
0 0.265278 0.414815 0.061111 0.039506
0 0.146528 0.658025 0.115278 0.076543
0 0.153472 0.501235 0.070833 0.054321
