0 0.579167 0.692593 0.077778 0.185185
0 0.828472 0.220988 0.145833 0.106173
0 0.683333 0.293827 0.111111 0.098765
1 0.425694 0.939506 0.131944 0.116049
1 0.478472 0.709877 0.070833 0.175309
1 0.476389 0.458025 0.063889 0.116049
1 0.361806 0.42963 0.079167 0.133333
1 0.3875 0.585185 0.069444 0.162963
1 0.667361 0.088889 0.079167 0.14321
1 0.574306 0.07284 0.045833 0.081481
1 0.486806 0.111111 0.068056 0.128395
1 0.228472 0.611111 0.143056 0.274074
1 0.04375 0.738272 0.0875 0.246914
1 0.636806 0.42716 0.073611 0.108642
1 0.10625 0.253086 0.154167 0.2
