2 0.475 0.924691 0.077778 0.111111
1 0.336806 0.351852 0.045833 0.081481
1 0.415972 0.201235 0.026389 0.041975
1 0.563889 0.246914 0.033333 0.049383
1 0.68125 0.334568 0.026389 0.051852
1 0.709028 0.379012 0.023611 0.046914
1 0.579167 0.462963 0.030556 0.051852
1 0.635417 0.522222 0.0375 0.061728
1 0.650694 0.620988 0.034722 0.061728
1 0.545833 0.803704 0.052778 0.091358
1 0.265278 0.32716 0.027778 0.051852
1 0.2875 0.38642 0.027778 0.05679
3 0.282639 0.732099 0.056944 0.061728
0 0.61875 0.91358 0.073611 0.069136
