1 0.019444 0.511111 0.036111 0.083951
1 0.36875 0.339506 0.054167 0.111111
1 0.681944 0.153086 0.033333 0.059259
1 0.630556 0.051852 0.033333 0.059259
1 0.1125 0.258025 0.080556 0.120988
1 0.275694 0.519753 0.054167 0.081481
1 0.823611 0.928395 0.075 0.108642
1 0.71875 0.32716 0.040278 0.066667
3 0.165972 0.560494 0.068056 0.079012
3 0.515972 0.777778 0.073611 0.098765
3 0.633333 0.444444 0.033333 0.054321
1 0.822222 0.21358 0.041667 0.051852
1 0.872917 0.195062 0.029167 0.054321
0 0.763889 0.761728 0.077778 0.046914
0 0.776389 0.832099 0.058333 0.064198
3 0.922917 0.807407 0.056944 0.074074
