3 0.764583 0.064198 0.081944 0.128395
1 0.127083 0.140741 0.148611 0.202469
1 0.76875 0.446914 0.159722 0.330864
1 0.026389 0.161728 0.052778 0.17037
1 0.140278 0.398765 0.133333 0.175309
1 0.033333 0.308642 0.055556 0.088889
1 0.311806 0.577778 0.1875 0.222222
1 0.322917 0.908642 0.093056 0.14321
1 0.555556 0.801235 0.208333 0.175309
3 0.5625 0.592593 0.305556 0.449383
3 0.119444 0.677778 0.075 0.135802
3 0.243056 0.765432 0.052778 0.11358
0 0.149306 0.924691 0.054167 0.145679
1 0.057639 0.945679 0.084722 0.103704
1 0.718056 0.94321 0.091667 0.108642
