3 0.318056 0.571605 0.033333 0.041975
3 0.373611 0.690123 0.027778 0.051852
1 0.535417 0.232099 0.031944 0.064198
1 0.476389 0.196296 0.030556 0.05679
1 0.702083 0.753086 0.040278 0.083951
1 0.741667 0.732099 0.033333 0.076543
1 0.2625 0.497531 0.027778 0.037037
1 0.391667 0.466667 0.025 0.059259
1 0.341667 0.41358 0.033333 0.051852
1 0.190278 0.802469 0.033333 0.044444
1 0.396528 0.91358 0.0375 0.074074
1 0.424306 0.741975 0.040278 0.081481
1 0.255556 0.718519 0.038889 0.069136
1 0.052778 0.722222 0.055556 0.066667
3 0.05625 0.920988 0.076389 0.088889
