1 0.195833 0.040741 0.111111 0.081481
1 0.071528 0.065432 0.129167 0.120988
1 0.125 0.9 0.086111 0.155556
1 0.194444 0.944444 0.077778 0.091358
1 0.302083 0.948148 0.081944 0.098765
1 0.397222 0.91358 0.083333 0.167901
1 0.501389 0.777778 0.088889 0.167901
1 0.388889 0.691358 0.083333 0.14321
1 0.715278 0.560494 0.091667 0.133333
1 0.402083 0.187654 0.134722 0.177778
1 0.203472 0.207407 0.115278 0.153086
1 0.114583 0.411111 0.076389 0.116049
1 0.125 0.285185 0.077778 0.101235
1 0.069444 0.212346 0.072222 0.123457
1 0.188194 0.371605 0.073611 0.106173
1 0.259722 0.334568 0.086111 0.101235
1 0.340972 0.333333 0.098611 0.128395
1 0.278472 0.48642 0.0625 0.11358
1 0.461111 0.358025 0.1 0.123457
1 0.603472 0.281481 0.145833 0.192593
1 0.725 0.053086 0.080556 0.106173
3 0.615278 0.116049 0.208333 0.232099
3 0.144444 0.624691 0.075 0.128395
3 0.04375 0.837037 0.068056 0.197531
3 0.632639 0.649383 0.084722 0.158025
3 0.680556 0.883951 0.125 0.222222
3 0.540972 0.912346 0.084722 0.160494
3 0.290278 0.616049 0.055556 0.101235
0 0.491667 0.482716 0.116667 0.106173
0 0.567361 0.487654 0.076389 0.214815
0 0.218056 0.845679 0.052778 0.145679
