1 0.159722 0.079012 0.069444 0.074074
1 0.183333 0.128395 0.069444 0.118519
1 0.182639 0.319753 0.109722 0.180247
1 0.209028 0.639506 0.179167 0.251852
1 0.452778 0.561728 0.072222 0.125926
1 0.306944 0.891358 0.083333 0.212346
3 0.434722 0.293827 0.080556 0.123457
3 0.329861 0.364198 0.070833 0.101235
3 0.341667 0.517284 0.108333 0.17037
3 0.247222 0.050617 0.061111 0.071605
3 0.409028 0.725926 0.106944 0.187654
3 0.444444 0.44321 0.097222 0.096296
0 0.675694 0.707407 0.059722 0.288889
0 0.55 0.682716 0.055556 0.234568
0 0.634722 0.462963 0.086111 0.106173
2 0.338889 0.658025 0.033333 0.041975
2 0.584722 0.696296 0.025 0.054321
