1 0.3 0.137037 0.069444 0.130864
1 0.421528 0.059259 0.0625 0.11358
1 0.498611 0.049383 0.061111 0.093827
1 0.379167 0.250617 0.069444 0.145679
1 0.343056 0.4 0.083333 0.138272
1 0.49375 0.549383 0.115278 0.180247
1 0.491667 0.180247 0.069444 0.133333
1 0.585417 0.181481 0.073611 0.130864
1 0.690972 0.230864 0.070833 0.125926
1 0.703472 0.555556 0.093056 0.202469
1 0.833333 0.724691 0.111111 0.185185
3 0.7875 0.461728 0.122222 0.197531
3 0.6 0.393827 0.083333 0.101235
3 0.415278 0.933333 0.111111 0.128395
0 0.652083 0.758025 0.190278 0.187654
0 0.684722 0.334568 0.122222 0.106173
0 0.590972 0.28642 0.068056 0.098765
