1 0.409722 0.374074 0.061111 0.116049
1 0.120139 0.635802 0.115278 0.180247
1 0.325 0.449383 0.091667 0.133333
1 0.308333 0.581481 0.083333 0.140741
1 0.404861 0.58642 0.0625 0.106173
1 0.434722 0.728395 0.077778 0.138272
1 0.577083 0.869136 0.079167 0.133333
1 0.358333 0.922222 0.086111 0.150617
1 0.234028 0.949383 0.098611 0.096296
1 0.790972 0.707407 0.070833 0.120988
1 0.85 0.77037 0.066667 0.133333
0 0.665972 0.466667 0.0625 0.25679
1 0.040972 0.262963 0.073611 0.165432
1 0.102778 0.296296 0.055556 0.14321
3 0.717361 0.649383 0.081944 0.118519
2 0.465278 0.969136 0.019444 0.046914
