0 0.636806 0.653086 0.070833 0.066667
0 0.694444 0.198765 0.063889 0.125926
1 0.8875 0.290123 0.072222 0.116049
1 0.459722 0.262963 0.041667 0.106173
1 0.246528 0.937037 0.045833 0.120988
1 0.466667 0.946914 0.088889 0.101235
1 0.58125 0.819753 0.076389 0.153086
1 0.118056 0.774074 0.091667 0.145679
1 0.041667 0.040741 0.083333 0.081481
3 0.209028 0.893827 0.048611 0.093827
3 0.49375 0.777778 0.090278 0.162963
3 0.726389 0.681481 0.066667 0.108642
3 0.56875 0.482716 0.054167 0.05679
3 0.50625 0.465432 0.054167 0.066667
3 0.413194 0.622222 0.051389 0.059259
3 0.240278 0.625926 0.052778 0.081481
