0 0.829861 0.851852 0.076389 0.103704
0 0.697222 0.869136 0.072222 0.212346
3 0.398611 0.966667 0.052778 0.061728
1 0.318056 0.169136 0.036111 0.046914
1 0.263194 0.224691 0.023611 0.049383
1 0.186111 0.203704 0.041667 0.061728
1 0.114583 0.245679 0.068056 0.096296
1 0.626389 0.22963 0.069444 0.123457
1 0.913889 0.760494 0.102778 0.14321
1 0.902083 0.54321 0.129167 0.167901
1 0.573611 0.938272 0.072222 0.118519
1 0.220139 0.924691 0.065278 0.145679
3 0.740972 0.545679 0.0625 0.093827
3 0.159722 0.641975 0.066667 0.079012
