1 0.284722 0.555556 0.05 0.064198
1 0.369444 0.339506 0.033333 0.061728
1 0.305556 0.225926 0.027778 0.041975
1 0.364583 0.128395 0.029167 0.039506
1 0.568056 0.087654 0.025 0.041975
1 0.6625 0.065432 0.030556 0.032099
1 0.692361 0.382716 0.0375 0.054321
1 0.950694 0.492593 0.056944 0.061728
1 0.75 0.537037 0.044444 0.05679
3 0.525 0.440741 0.036111 0.061728
3 0.895833 0.350617 0.05 0.079012
3 0.93125 0.44321 0.059722 0.037037
3 0.890972 0.524691 0.054167 0.061728
3 0.829167 0.955556 0.097222 0.083951
3 0.963194 0.928395 0.070833 0.128395
3 0.46875 0.817284 0.029167 0.034568
0 0.566667 0.877778 0.061111 0.066667
0 0.655556 0.902469 0.052778 0.106173
3 0.936111 0.766667 0.066667 0.071605
