1 0.525694 0.732099 0.084722 0.155556
1 0.211806 0.055556 0.043056 0.076543
1 0.375694 0.337037 0.059722 0.120988
1 0.239583 0.712346 0.081944 0.145679
1 0.324306 0.630864 0.068056 0.106173
1 0.3625 0.887654 0.088889 0.140741
1 0.25 0.960494 0.094444 0.074074
1 0.633333 0.888889 0.094444 0.182716
1 0.675 0.609877 0.080556 0.133333
1 0.826389 0.490123 0.102778 0.155556
1 0.963889 0.554321 0.069444 0.195062
1 0.943056 0.820988 0.111111 0.204938
1 0.679167 0.083951 0.091667 0.133333
1 0.882639 0.090123 0.129167 0.160494
3 0.613889 0.18642 0.094444 0.135802
3 0.7 0.216049 0.091667 0.130864
3 0.685417 0.318519 0.101389 0.123457
3 0.558333 0.461728 0.072222 0.148148
3 0.628472 0.498765 0.081944 0.103704
3 0.436111 0.922222 0.066667 0.145679
3 0.276389 0.259259 0.055556 0.138272
3 0.541667 0.217284 0.055556 0.108642
3 0.954861 0.177778 0.0875 0.11358
3 0.275 0.398765 0.05 0.08642
1 0.111806 0.490123 0.084722 0.140741
