1 0.333333 0.375309 0.083333 0.088889
1 0.345139 0.485185 0.043056 0.071605
1 0.542361 0.285185 0.065278 0.120988
1 0.511111 0.454321 0.047222 0.098765
1 0.096528 0.75679 0.051389 0.091358
1 0.2 0.828395 0.080556 0.111111
1 0.329167 0.787654 0.061111 0.093827
1 0.416667 0.822222 0.058333 0.103704
1 0.480556 0.734568 0.080556 0.101235
1 0.511111 0.87037 0.088889 0.135802
1 0.652083 0.817284 0.0875 0.088889
1 0.669444 0.918519 0.111111 0.14321
3 0.674306 0.619753 0.093056 0.17284
3 0.916667 0.733333 0.163889 0.207407
3 0.41875 0.537037 0.0625 0.106173
2 0.549306 0.428395 0.043056 0.125926
2 0.602778 0.401235 0.066667 0.135802
0 0.599306 0.065432 0.098611 0.111111
