1 0.202083 0.692593 0.043056 0.076543
1 0.076389 0.861728 0.061111 0.11358
1 0.048611 0.714815 0.061111 0.101235
1 0.484028 0.387654 0.040278 0.074074
1 0.863194 0.801235 0.118056 0.180247
1 0.422222 0.54321 0.033333 0.059259
1 0.454861 0.582716 0.034722 0.083951
1 0.472222 0.81358 0.055556 0.106173
1 0.535417 0.8 0.073611 0.118519
1 0.628472 0.877778 0.081944 0.150617
1 0.477778 0.941975 0.066667 0.111111
1 0.547222 0.92963 0.083333 0.125926
0 0.573611 0.325926 0.072222 0.103704
0 0.70625 0.3 0.148611 0.116049
0 0.5375 0.625926 0.061111 0.185185
0 0.731944 0.048148 0.052778 0.091358
