3 0.0625 0.939506 0.083333 0.08642
1 0.433333 0.879012 0.027778 0.064198
1 0.61875 0.606173 0.0375 0.05679
1 0.754861 0.749383 0.051389 0.076543
1 0.671528 0.683951 0.0375 0.079012
1 0.683333 0.580247 0.052778 0.079012
1 0.94375 0.644444 0.051389 0.079012
1 0.848611 0.404938 0.036111 0.079012
1 0.825694 0.304938 0.026389 0.046914
1 0.571528 0.448148 0.029167 0.05679
1 0.509028 0.4 0.018056 0.034568
1 0.536111 0.348148 0.019444 0.034568
1 0.418056 0.623457 0.027778 0.061728
1 0.345833 0.625926 0.022222 0.051852
1 0.392361 0.816049 0.029167 0.076543
1 0.197917 0.818519 0.040278 0.051852
