0 0.434028 0.02716 0.101389 0.054321
0 0.603472 0.345679 0.120833 0.167901
0 0.680556 0.523457 0.161111 0.133333
3 0.55625 0.804938 0.0625 0.148148
3 0.784028 0.895062 0.165278 0.204938
3 0.628472 0.681481 0.106944 0.17284
3 0.581944 0.130864 0.091667 0.153086
3 0.471528 0.319753 0.118056 0.175309
3 0.356944 0.455556 0.141667 0.259259
3 0.177083 0.57284 0.134722 0.22716
1 0.335417 0.259259 0.070833 0.103704
1 0.495139 0.165432 0.084722 0.158025
1 0.356944 0.112346 0.094444 0.150617
1 0.233333 0.074074 0.111111 0.148148
1 0.090972 0.151852 0.118056 0.165432
