1 0.077083 0.767901 0.145833 0.22716
1 0.390278 0.628395 0.1 0.185185
1 0.163194 0.922222 0.154167 0.150617
1 0.394444 0.908642 0.086111 0.17284
1 0.608333 0.795062 0.091667 0.167901
1 0.772222 0.912346 0.108333 0.17037
1 0.565972 0.950617 0.118056 0.093827
1 0.479167 0.034568 0.088889 0.064198
3 0.50625 0.232099 0.131944 0.222222
3 0.508333 0.702469 0.130556 0.293827
3 0.576389 0.523457 0.113889 0.202469
3 0.644444 0.398765 0.086111 0.135802
3 0.727778 0.381481 0.094444 0.165432
0 0.225694 0.692593 0.081944 0.333333
0 0.820139 0.544444 0.059722 0.259259
1 0.8375 0.048148 0.063889 0.096296
