3 0.302778 0.695062 0.058333 0.120988
3 0.4125 0.391358 0.086111 0.101235
3 0.572222 0.251852 0.05 0.108642
3 0.703472 0.276543 0.0625 0.088889
3 0.7375 0.408642 0.058333 0.081481
3 0.857639 0.288889 0.059722 0.079012
3 0.796528 0.95679 0.070833 0.081481
1 0.295833 0.438272 0.075 0.145679
0 0.629167 0.7 0.097222 0.116049
0 0.713889 0.539506 0.077778 0.180247
0 0.46875 0.902469 0.065278 0.17037
0 0.550694 0.893827 0.095833 0.177778
2 0.294444 0.751852 0.030556 0.046914
2 0.602083 0.190123 0.029167 0.074074
