1 0.957639 0.055556 0.081944 0.101235
2 0.835417 0.098765 0.051389 0.083951
3 0.70625 0.069136 0.095833 0.138272
1 0.249306 0.293827 0.056944 0.108642
1 0.027778 0.535802 0.055556 0.138272
1 0.371528 0.495062 0.068056 0.165432
1 0.611111 0.765432 0.102778 0.162963
1 0.701389 0.549383 0.097222 0.17037
1 0.8 0.709877 0.119444 0.190123
1 0.586111 0.960494 0.116667 0.074074
1 0.3875 0.202469 0.080556 0.148148
3 0.652778 0.253086 0.094444 0.195062
3 0.536806 0.340741 0.0625 0.118519
1 0.167361 0.697531 0.154167 0.175309
