1 0.177778 0.154321 0.091667 0.150617
1 0.29375 0.255556 0.093056 0.155556
1 0.345139 0.471605 0.1125 0.17284
1 0.411806 0.733333 0.106944 0.197531
1 0.530556 0.759259 0.075 0.130864
0 0.227083 0.780247 0.115278 0.103704
3 0.415972 0.309877 0.093056 0.135802
3 0.740278 0.620988 0.113889 0.130864
3 0.828472 0.224691 0.093056 0.14321
3 0.955556 0.58642 0.080556 0.120988
3 0.620139 0.725926 0.0875 0.118519
0 0.728472 0.783951 0.154167 0.175309
0 0.482639 0.504938 0.093056 0.279012
2 0.743056 0.260494 0.111111 0.209877
