1 0.66875 0.04321 0.026389 0.051852
3 0.266667 0.123457 0.041667 0.074074
1 0.344444 0.028395 0.030556 0.041975
1 0.452778 0.281481 0.027778 0.054321
1 0.499306 0.041975 0.029167 0.049383
1 0.558333 0.049383 0.033333 0.044444
1 0.784028 0.265432 0.045833 0.071605
1 0.811111 0.418519 0.041667 0.071605
1 0.763889 0.350617 0.038889 0.069136
1 0.575 0.58642 0.041667 0.071605
1 0.665278 0.62963 0.038889 0.074074
1 0.851389 0.801235 0.075 0.096296
1 0.339583 0.775309 0.059722 0.128395
1 0.359028 0.545679 0.043056 0.059259
1 0.275 0.554321 0.052778 0.071605
1 0.159722 0.296296 0.027778 0.049383
1 0.111806 0.182716 0.040278 0.069136
