3 0.629861 0.12963 0.093056 0.130864
3 0.563889 0.071605 0.069444 0.123457
0 0.530556 0.718519 0.2 0.246914
2 0.077778 0.204938 0.069444 0.103704
1 0.935417 0.046914 0.126389 0.093827
1 0.718056 0.037037 0.080556 0.074074
1 0.475 0.167901 0.069444 0.11358
1 0.358333 0.174074 0.069444 0.111111
1 0.15625 0.397531 0.068056 0.118519
1 0.181944 0.261728 0.072222 0.108642
1 0.468056 0.330864 0.063889 0.108642
1 0.527778 0.362963 0.069444 0.133333
1 0.625694 0.348148 0.084722 0.153086
1 0.959722 0.582716 0.077778 0.241975
1 0.852778 0.350617 0.136111 0.222222
1 0.710417 0.514815 0.0875 0.175309
1 0.684722 0.761728 0.083333 0.175309
1 0.435417 0.653086 0.073611 0.145679
1 0.272222 0.697531 0.075 0.135802
