1 0.770139 0.050617 0.076389 0.101235
1 0.077778 0.332099 0.130556 0.195062
1 0.345833 0.608642 0.130556 0.209877
1 0.56875 0.44321 0.090278 0.155556
1 0.703472 0.41358 0.104167 0.190123
1 0.843056 0.34321 0.088889 0.153086
1 0.960417 0.419753 0.076389 0.162963
1 0.911111 0.879012 0.119444 0.192593
1 0.056944 0.879012 0.111111 0.237037
3 0.703472 0.597531 0.0875 0.138272
3 0.811111 0.566667 0.097222 0.180247
3 0.911111 0.554321 0.122222 0.160494
0 0.507639 0.691358 0.165278 0.182716
0 0.742361 0.722222 0.1875 0.135802
0 0.732639 0.288889 0.120833 0.281481
3 0.877778 0.140741 0.116667 0.138272
