1 0.078472 0.754321 0.048611 0.091358
1 0.211111 0.609877 0.033333 0.079012
1 0.140972 0.701235 0.043056 0.083951
1 0.624306 0.593827 0.051389 0.096296
1 0.910417 0.325926 0.068056 0.093827
1 0.852778 0.216049 0.036111 0.08642
1 0.306944 0.025926 0.027778 0.041975
1 0.399306 0.062963 0.076389 0.096296
1 0.598611 0.024691 0.036111 0.049383
1 0.657639 0.176543 0.054167 0.08642
1 0.585417 0.266667 0.0375 0.088889
1 0.515972 0.167901 0.043056 0.059259
1 0.420139 0.150617 0.040278 0.069136
1 0.304861 0.377778 0.034722 0.069136
1 0.304167 0.590123 0.044444 0.059259
