1 0.668056 0.653086 0.111111 0.204938
1 0.503472 0.2 0.068056 0.118519
1 0.256944 0.348148 0.086111 0.11358
1 0.454167 0.523457 0.075 0.098765
1 0.372222 0.612346 0.083333 0.14321
1 0.486806 0.785185 0.081944 0.162963
1 0.386111 0.906173 0.094444 0.167901
1 0.244444 0.948148 0.075 0.098765
1 0.777083 0.830864 0.106944 0.175309
1 0.846528 0.534568 0.101389 0.155556
3 0.4 0.103704 0.063889 0.153086
3 0.711806 0.361728 0.093056 0.2
3 0.695139 0.075309 0.068056 0.135802
3 0.877778 0.198765 0.152778 0.185185
3 0.903472 0.083951 0.123611 0.133333
3 0.80625 0.054321 0.126389 0.108642
3 0.7375 0.506173 0.091667 0.108642
3 0.789583 0.408642 0.093056 0.125926
0 0.406944 0.412346 0.044444 0.177778
3 0.565278 0.817284 0.066667 0.148148
3 0.54375 0.675309 0.059722 0.106173
