1 0.3125 0.408642 0.072222 0.120988
1 0.519444 0.407407 0.083333 0.148148
1 0.51875 0.662963 0.081944 0.145679
1 0.683333 0.671605 0.094444 0.148148
1 0.315278 0.814815 0.083333 0.153086
1 0.711806 0.922222 0.109722 0.150617
1 0.445139 0.041975 0.084722 0.079012
1 0.684028 0.408642 0.076389 0.135802
1 0.690278 0.318519 0.072222 0.074074
1 0.713194 0.18642 0.0625 0.116049
1 0.761111 0.101235 0.077778 0.118519
1 0.823611 0.071605 0.080556 0.14321
3 0.831944 0.580247 0.158333 0.207407
3 0.844444 0.228395 0.116667 0.160494
3 0.597222 0.35679 0.080556 0.219753
3 0.220139 0.65679 0.093056 0.177778
3 0.340278 0.593827 0.088889 0.155556
3 0.417361 0.875309 0.073611 0.17037
3 0.504167 0.867901 0.108333 0.209877
3 0.849306 0.9 0.140278 0.195062
0 0.395139 0.646914 0.045833 0.222222
0 0.072222 0.845679 0.075 0.17037
3 0.23125 0.871605 0.065278 0.153086
3 0.604167 0.934568 0.105556 0.120988
2 0.172917 0.730864 0.059722 0.118519
2 0.520139 0.095062 0.034722 0.051852
2 0.252083 0.301235 0.065278 0.069136
