0 0.693056 0.576543 0.066667 0.05679
3 0.681944 0.404938 0.044444 0.074074
3 0.622222 0.851852 0.061111 0.074074
3 0.034722 0.97284 0.063889 0.049383
3 0.090278 0.708642 0.047222 0.044444
1 0.344444 0.933333 0.047222 0.069136
1 0.26875 0.866667 0.0375 0.054321
1 0.188194 0.814815 0.0375 0.064198
1 0.419444 0.744444 0.038889 0.071605
1 0.796528 0.222222 0.0375 0.074074
1 0.747917 0.208642 0.034722 0.061728
1 0.711111 0.344444 0.038889 0.071605
1 0.636111 0.453086 0.044444 0.071605
1 0.570139 0.52963 0.043056 0.076543
1 0.552083 0.412346 0.059722 0.093827
1 0.385417 0.306173 0.0375 0.069136
3 0.629861 0.382716 0.0375 0.064198
