1 0.499306 0.039506 0.068056 0.074074
1 0.902083 0.111111 0.118056 0.17284
1 0.972917 0.22963 0.051389 0.177778
1 0.615972 0.402469 0.070833 0.162963
1 0.748611 0.680247 0.091667 0.155556
1 0.511806 0.661728 0.073611 0.14321
1 0.617361 0.758025 0.1125 0.153086
1 0.629861 0.603704 0.090278 0.145679
3 0.754861 0.395062 0.126389 0.197531
3 0.829861 0.591358 0.084722 0.135802
3 0.515278 0.27037 0.069444 0.096296
3 0.513889 0.165432 0.105556 0.098765
3 0.795139 0.787654 0.106944 0.153086
0 0.361806 0.558025 0.145833 0.197531
0 0.406944 0.388889 0.066667 0.140741
