1 0.036806 0.369136 0.054167 0.081481
1 0.227083 0.31358 0.040278 0.083951
1 0.38125 0.501235 0.0625 0.108642
1 0.552083 0.554321 0.065278 0.101235
1 0.151389 0.261728 0.044444 0.054321
1 0.477083 0.193827 0.059722 0.096296
1 0.564583 0.276543 0.051389 0.123457
1 0.590972 0.175309 0.045833 0.079012
1 0.63125 0.146914 0.043056 0.08642
1 0.611111 0.351852 0.05 0.081481
1 0.672917 0.346914 0.051389 0.071605
1 0.290972 0.367901 0.045833 0.059259
1 0.292361 0.924691 0.084722 0.145679
1 0.218056 0.835802 0.069444 0.135802
1 0.313194 0.712346 0.068056 0.135802
3 0.56875 0.671605 0.059722 0.093827
3 0.547917 0.861728 0.068056 0.11358
3 0.392361 0.916049 0.079167 0.158025
