0 0.59375 0.188889 0.070833 0.17037
0 0.901389 0.461728 0.108333 0.123457
1 0.495139 0.185185 0.079167 0.14321
1 0.768056 0.259259 0.052778 0.103704
1 0.784028 0.101235 0.051389 0.088889
1 0.699306 0.749383 0.068056 0.120988
1 0.36875 0.483951 0.065278 0.123457
1 0.036111 0.490123 0.05 0.081481
1 0.027083 0.304938 0.045833 0.08642
1 0.115972 0.039506 0.056944 0.079012
1 0.032639 0.198765 0.045833 0.066667
3 0.088194 0.496296 0.031944 0.074074
3 0.704861 0.376543 0.045833 0.076543
3 0.707639 0.185185 0.034722 0.064198
3 0.641667 0.058025 0.055556 0.08642
3 0.847222 0.2 0.038889 0.074074
