3 0.4875 0.395062 0.038889 0.064198
3 0.095833 0.532099 0.091667 0.120988
3 0.14375 0.881481 0.109722 0.148148
3 0.38125 0.909877 0.104167 0.165432
0 0.448611 0.517284 0.041667 0.17037
0 0.584028 0.739506 0.090278 0.130864
0 0.769444 0.306173 0.105556 0.083951
1 0.55 0.601235 0.072222 0.111111
1 0.544444 0.502469 0.047222 0.066667
1 0.585417 0.434568 0.048611 0.083951
1 0.642361 0.281481 0.056944 0.093827
1 0.645833 0.451852 0.061111 0.093827
1 0.660417 0.57037 0.076389 0.108642
1 0.636111 0.701235 0.072222 0.133333
1 0.647222 0.933333 0.083333 0.128395
1 0.488889 0.469136 0.055556 0.098765
1 0.424306 0.722222 0.0625 0.111111
1 0.329167 0.767901 0.075 0.138272
1 0.159722 0.680247 0.091667 0.145679
1 0.383333 0.464198 0.063889 0.108642
1 0.374306 0.292593 0.048611 0.051852
1 0.360417 0.351852 0.056944 0.076543
1 0.154861 0.412346 0.068056 0.128395
