3 0.60625 0.77284 0.045833 0.059259
3 0.443056 0.760494 0.041667 0.049383
3 0.160417 0.349383 0.043056 0.061728
3 0.125694 0.267901 0.040278 0.051852
1 0.592361 0.519753 0.023611 0.05679
1 0.593056 0.396296 0.036111 0.051852
1 0.499306 0.417284 0.029167 0.039506
1 0.469444 0.458025 0.033333 0.046914
1 0.409722 0.432099 0.030556 0.064198
1 0.807639 0.865432 0.081944 0.135802
1 0.627083 0.895062 0.048611 0.071605
1 0.386111 0.941975 0.052778 0.08642
1 0.411806 0.839506 0.040278 0.054321
1 0.339583 0.671605 0.045833 0.079012
1 0.245139 0.467901 0.045833 0.05679
