1 0.479861 0.132099 0.029167 0.041975
3 0.802778 0.930864 0.038889 0.074074
0 0.674306 0.438272 0.093056 0.175309
3 0.470139 0.969136 0.051389 0.05679
3 0.220833 0.941975 0.047222 0.081481
3 0.169444 0.895062 0.058333 0.081481
3 0.360417 0.819753 0.043056 0.064198
3 0.553472 0.571605 0.051389 0.091358
3 0.43125 0.32963 0.0625 0.106173
3 0.059028 0.660494 0.068056 0.101235
1 0.59375 0.909877 0.059722 0.111111
1 0.3375 0.734568 0.052778 0.071605
1 0.846528 0.920988 0.051389 0.088889
1 0.611806 0.166667 0.029167 0.051852
1 0.649306 0.619753 0.048611 0.098765
1 0.522222 0.37037 0.055556 0.093827
1 0.235417 0.320988 0.054167 0.079012
