2 0.100694 0.84321 0.023611 0.032099
2 0.147222 0.959259 0.030556 0.071605
0 0.651389 0.645679 0.063889 0.096296
0 0.583333 0.641975 0.066667 0.148148
0 0.959028 0.366667 0.079167 0.08642
0 0.939583 0.675309 0.118056 0.2
0 0.347917 0.109877 0.070833 0.106173
3 0.523611 0.390123 0.038889 0.059259
1 0.320833 0.653086 0.055556 0.071605
3 0.276389 0.723457 0.044444 0.054321
3 0.718056 0.471605 0.047222 0.064198
3 0.695139 0.881481 0.084722 0.079012
3 0.55625 0.662963 0.065278 0.106173
3 0.461806 0.545679 0.065278 0.069136
3 0.263889 0.819753 0.063889 0.118519
3 0.052083 0.562963 0.0625 0.103704
1 0.788889 0.419753 0.033333 0.088889
1 0.198611 0.858025 0.069444 0.145679
1 0.674306 0.769136 0.079167 0.130864
1 0.820139 0.071605 0.045833 0.059259
1 0.770833 0.155556 0.027778 0.054321
1 0.893056 0.24321 0.052778 0.071605
1 0.748611 0.281481 0.027778 0.074074
1 0.447917 0.062963 0.043056 0.071605
1 0.134028 0.223457 0.029167 0.046914
