3 0.957639 0.648148 0.081944 0.190123
3 0.635417 0.897531 0.123611 0.2
3 0.552083 0.538272 0.073611 0.108642
3 0.722917 0.495062 0.084722 0.135802
3 0.64375 0.506173 0.079167 0.108642
3 0.836111 0.185185 0.127778 0.14321
3 0.7125 0.181481 0.080556 0.116049
0 0.759028 0.103704 0.084722 0.098765
0 0.586111 0.640741 0.158333 0.120988
0 0.359028 0.597531 0.204167 0.192593
1 0.718056 0.780247 0.094444 0.167901
1 0.9375 0.364198 0.097222 0.150617
1 0.834722 0.641975 0.113889 0.207407
1 0.772917 0.41358 0.076389 0.125926
1 0.679861 0.332099 0.073611 0.135802
1 0.565972 0.366667 0.095833 0.175309
1 0.436806 0.371605 0.081944 0.160494
1 0.191667 0.504938 0.138889 0.254321
