3 0.24375 0.524691 0.084722 0.096296
3 0.943056 0.709877 0.097222 0.150617
0 0.570139 0.649383 0.065278 0.197531
3 0.351389 0.385185 0.055556 0.059259
3 0.136806 0.639506 0.070833 0.083951
3 0.466667 0.832099 0.113889 0.14321
3 0.339583 0.87284 0.109722 0.17037
1 0.502083 0.932099 0.115278 0.130864
3 0.378472 0.697531 0.0875 0.140741
3 0.275694 0.4 0.0625 0.083951
1 0.467361 0.198765 0.045833 0.106173
1 0.635417 0.074074 0.059722 0.069136
1 0.58125 0.138272 0.051389 0.064198
1 0.245833 0.133333 0.058333 0.088889
1 0.622222 0.328395 0.069444 0.093827
1 0.525694 0.309877 0.073611 0.111111
1 0.931944 0.881481 0.116667 0.197531
1 0.819444 0.65679 0.105556 0.153086
1 0.615278 0.446914 0.075 0.118519
1 0.434028 0.497531 0.073611 0.101235
1 0.079167 0.54321 0.119444 0.148148
1 0.178472 0.28642 0.068056 0.069136
1 0.083333 0.382716 0.086111 0.11358
