1 0.03125 0.517284 0.0625 0.135802
3 0.952778 0.637037 0.091667 0.138272
0 0.61875 0.609877 0.1375 0.187654
3 0.940278 0.301235 0.113889 0.17284
3 0.876389 0.197531 0.094444 0.128395
3 0.749306 0.753086 0.098611 0.148148
3 0.610417 0.903704 0.129167 0.187654
3 0.4625 0.437037 0.1 0.207407
3 0.708333 0.323457 0.094444 0.123457
3 0.670833 0.201235 0.105556 0.160494
1 0.959028 0.448148 0.079167 0.224691
1 0.44375 0.819753 0.090278 0.177778
1 0.345139 0.398765 0.065278 0.140741
1 0.26875 0.541975 0.095833 0.135802
1 0.231944 0.359259 0.083333 0.130864
1 0.130556 0.339506 0.077778 0.111111
1 0.545139 0.381481 0.056944 0.106173
1 0.379167 0.188889 0.091667 0.180247
1 0.267361 0.196296 0.090278 0.150617
1 0.102778 0.174074 0.1 0.130864
