0 0.938889 0.133333 0.119444 0.123457
0 0.911806 0.225926 0.070833 0.150617
0 0.475694 0.507407 0.0875 0.081481
0 0.431944 0.406173 0.1 0.076543
0 0.575 0.293827 0.088889 0.103704
0 0.531944 0.124691 0.055556 0.180247
0 0.271528 0.328395 0.101389 0.069136
3 0.852083 0.822222 0.1375 0.22716
3 0.219444 0.912346 0.108333 0.155556
3 0.129861 0.865432 0.068056 0.120988
1 0.722917 0.771605 0.093056 0.17037
1 0.636806 0.807407 0.084722 0.14321
1 0.745833 0.61358 0.072222 0.120988
1 0.640278 0.590123 0.061111 0.128395
1 0.461111 0.841975 0.083333 0.138272
1 0.438889 0.616049 0.058333 0.091358
1 0.338889 0.525926 0.069444 0.11358
1 0.308333 0.254321 0.080556 0.11358
1 0.338889 0.125926 0.055556 0.079012
1 0.068056 0.337037 0.069444 0.091358
