1 0.525 0.404938 0.022222 0.059259
1 0.465972 0.701235 0.034722 0.054321
1 0.327083 0.780247 0.040278 0.069136
0 0.525 0.828395 0.055556 0.037037
3 0.378472 0.848148 0.031944 0.037037
3 0.421528 0.890123 0.045833 0.061728
3 0.504167 0.875309 0.061111 0.066667
3 0.64375 0.848148 0.0375 0.05679
3 0.559722 0.767901 0.036111 0.044444
3 0.85625 0.576543 0.048611 0.046914
3 0.845833 0.949383 0.063889 0.096296
1 0.904861 0.671605 0.048611 0.069136
1 0.677778 0.751852 0.041667 0.091358
1 0.761111 0.933333 0.055556 0.128395
