1 0.921528 0.461728 0.0375 0.054321
1 0.814583 0.353086 0.034722 0.049383
1 0.743056 0.398765 0.027778 0.05679
1 0.509028 0.390123 0.034722 0.054321
1 0.145139 0.430864 0.040278 0.05679
1 0.21875 0.661728 0.051389 0.083951
1 0.433333 0.891358 0.038889 0.074074
1 0.777778 0.87037 0.047222 0.071605
1 0.83125 0.896296 0.031944 0.054321
1 0.776389 0.728395 0.036111 0.054321
1 0.456944 0.24321 0.036111 0.061728
1 0.376389 0.358025 0.030556 0.039506
3 0.45625 0.396296 0.034722 0.041975
3 0.340278 0.755556 0.041667 0.064198
3 0.611111 0.579012 0.030556 0.046914
