3 0.765972 0.477778 0.065278 0.076543
3 0.559028 0.867901 0.093056 0.17037
3 0.578472 0.61358 0.073611 0.135802
3 0.561806 0.453086 0.0625 0.116049
0 0.672222 0.569136 0.086111 0.106173
0 0.615972 0.314815 0.090278 0.111111
0 0.149306 0.266667 0.123611 0.11358
1 0.602778 0.955556 0.061111 0.083951
1 0.622917 0.730864 0.073611 0.103704
1 0.349306 0.939506 0.115278 0.116049
1 0.439583 0.907407 0.090278 0.155556
1 0.352083 0.808642 0.068056 0.111111
1 0.247917 0.906173 0.090278 0.153086
1 0.101389 0.937037 0.105556 0.120988
1 0.85 0.477778 0.052778 0.096296
1 0.79375 0.540741 0.059722 0.079012
1 0.820139 0.117284 0.034722 0.091358
1 0.776389 0.125926 0.055556 0.088889
1 0.683333 0.081481 0.055556 0.098765
1 0.65 0.224691 0.055556 0.108642
1 0.540972 0.154321 0.0625 0.140741
1 0.533333 0.280247 0.063889 0.111111
1 0.492361 0.383951 0.065278 0.111111
1 0.386111 0.438272 0.066667 0.116049
1 0.156944 0.544444 0.088889 0.08642
1 0.323611 0.096296 0.077778 0.11358
1 0.225 0.118519 0.052778 0.079012
1 0.121528 0.17037 0.090278 0.123457
