0 0.109028 0.730864 0.143056 0.167901
1 0.513889 0.480247 0.030556 0.051852
3 0.634722 0.706173 0.047222 0.049383
3 0.493056 0.775309 0.052778 0.064198
3 0.443056 0.740741 0.055556 0.079012
3 0.276389 0.762963 0.05 0.074074
3 0.225 0.583951 0.069444 0.111111
3 0.209028 0.335802 0.131944 0.177778
1 0.332639 0.877778 0.070833 0.135802
1 0.39375 0.628395 0.059722 0.135802
1 0.372222 0.404938 0.05 0.088889
1 0.425694 0.325926 0.0625 0.093827
1 0.182639 0.020988 0.056944 0.037037
1 0.121528 0.101235 0.059722 0.074074
