3 0.854861 0.359259 0.056944 0.08642
3 0.608333 0.602469 0.083333 0.11358
1 0.173611 0.297531 0.041667 0.081481
1 0.259028 0.377778 0.051389 0.093827
1 0.225 0.290123 0.055556 0.091358
1 0.252778 0.066667 0.069444 0.123457
1 0.980556 0.237037 0.036111 0.079012
1 0.971528 0.151852 0.054167 0.081481
1 0.939583 0.061728 0.070833 0.083951
1 0.872917 0.160494 0.059722 0.088889
1 0.801389 0.183951 0.061111 0.091358
1 0.710417 0.116049 0.045833 0.064198
1 0.683333 0.233333 0.041667 0.061728
1 0.629861 0.209877 0.051389 0.083951
1 0.58125 0.204938 0.048611 0.083951
1 0.618056 0.325926 0.063889 0.093827
1 0.503472 0.365432 0.051389 0.103704
1 0.407639 0.455556 0.051389 0.076543
1 0.320139 0.579012 0.054167 0.081481
1 0.397222 0.585185 0.047222 0.088889
1 0.708333 0.771605 0.091667 0.145679
1 0.527083 0.661728 0.070833 0.123457
1 0.298611 0.828395 0.097222 0.150617
