1 0.411806 0.693827 0.0625 0.103704
1 0.529861 0.811111 0.079167 0.135802
1 0.493056 0.571605 0.055556 0.08642
1 0.59375 0.65679 0.059722 0.133333
1 0.741667 0.666667 0.066667 0.14321
1 0.68125 0.493827 0.0625 0.108642
1 0.604861 0.344444 0.070833 0.140741
1 0.797222 0.419753 0.069444 0.128395
1 0.879167 0.854321 0.111111 0.197531
1 0.974306 0.734568 0.048611 0.145679
1 0.524306 0.076543 0.048611 0.074074
1 0.626389 0.12963 0.047222 0.061728
1 0.757639 0.203704 0.054167 0.091358
1 0.932639 0.188889 0.068056 0.125926
1 0.704861 0.044444 0.090278 0.088889
1 0.804167 0.125926 0.058333 0.088889
3 0.954167 0.398765 0.047222 0.071605
3 0.673611 0.788889 0.111111 0.165432
