0 0.220139 0.690123 0.093056 0.071605
1 0.20625 0.35679 0.040278 0.05679
1 0.152778 0.55679 0.066667 0.101235
1 0.263194 0.862963 0.068056 0.101235
1 0.209028 0.804938 0.065278 0.049383
1 0.594444 0.577778 0.058333 0.118519
1 0.664583 0.450617 0.048611 0.08642
1 0.766667 0.860494 0.080556 0.120988
1 0.021528 0.275309 0.043056 0.066667
1 0.020833 0.701235 0.038889 0.064198
1 0.489583 0.087654 0.026389 0.046914
3 0.03125 0.777778 0.0625 0.088889
3 0.102778 0.597531 0.044444 0.069136
3 0.178472 0.619753 0.0625 0.074074
3 0.0875 0.137037 0.047222 0.061728
3 0.363889 0.109877 0.075 0.101235
3 0.788889 0.361728 0.055556 0.066667
3 0.918056 0.465432 0.088889 0.081481
3 0.648611 0.561728 0.05 0.08642
3 0.842361 0.218519 0.051389 0.05679
3 0.440278 0.362963 0.044444 0.069136
0 0.536111 0.782716 0.058333 0.153086
0 0.947222 0.441975 0.1 0.148148
0 0.88125 0.882716 0.081944 0.195062
