1 0.281944 0.290123 0.097222 0.135802
1 0.073611 0.804938 0.088889 0.123457
1 0.161111 0.082716 0.091667 0.125926
1 0.688194 0.074074 0.090278 0.14321
1 0.370833 0.285185 0.080556 0.145679
1 0.422222 0.196296 0.080556 0.096296
1 0.45 0.285185 0.083333 0.125926
1 0.495833 0.2 0.083333 0.128395
1 0.542361 0.304938 0.076389 0.125926
1 0.647917 0.287654 0.106944 0.130864
1 0.418056 0.644444 0.063889 0.17284
1 0.475 0.728395 0.088889 0.182716
1 0.546528 0.650617 0.104167 0.175309
1 0.655556 0.593827 0.111111 0.185185
1 0.4 0.909877 0.136111 0.175309
1 0.547222 0.917284 0.130556 0.160494
3 0.328472 0.519753 0.090278 0.150617
3 0.690278 0.471605 0.077778 0.123457
3 0.554861 0.508642 0.090278 0.14321
3 0.756944 0.417284 0.077778 0.123457
3 0.359722 0.066667 0.094444 0.118519
