1 0.195833 0.209877 0.147222 0.261728
1 0.34375 0.111111 0.126389 0.177778
1 0.347917 0.288889 0.140278 0.222222
1 0.236111 0.401235 0.125 0.244444
1 0.127778 0.390123 0.119444 0.182716
1 0.215972 0.650617 0.176389 0.318519
1 0.305556 0.866667 0.125 0.241975
1 0.359028 0.501235 0.134722 0.246914
1 0.498611 0.732099 0.144444 0.279012
1 0.539583 0.538272 0.093056 0.192593
1 0.711806 0.845679 0.126389 0.259259
1 0.620139 0.404938 0.098611 0.17284
1 0.556944 0.260494 0.1 0.140741
1 0.530556 0.375309 0.102778 0.153086
1 0.467361 0.259259 0.0875 0.17284
1 0.677778 0.340741 0.055556 0.133333
1 0.648611 0.230864 0.080556 0.120988
1 0.634722 0.114815 0.072222 0.125926
1 0.596528 0.048148 0.076389 0.091358
