1 0.029167 0.217284 0.058333 0.118519
1 0.513194 0.928395 0.101389 0.138272
1 0.717361 0.937037 0.076389 0.106173
1 0.545833 0.649383 0.044444 0.118519
1 0.540972 0.496296 0.040278 0.11358
1 0.479167 0.062963 0.063889 0.116049
1 0.58125 0.077778 0.034722 0.08642
1 0.631944 0.224691 0.036111 0.108642
1 0.874306 0.234568 0.045833 0.079012
0 0.788194 0.47037 0.095833 0.145679
0 0.870833 0.62716 0.061111 0.118519
0 0.455556 0.707407 0.058333 0.135802
3 0.551389 0.067901 0.036111 0.081481
3 0.895833 0.844444 0.058333 0.118519
3 0.755556 0.807407 0.061111 0.103704
3 0.071528 0.904938 0.073611 0.106173
