1 0.029167 0.139506 0.058333 0.209877
1 0.14375 0.481481 0.1125 0.182716
1 0.273611 0.506173 0.1 0.177778
1 0.383333 0.530864 0.102778 0.197531
1 0.508333 0.57284 0.105556 0.192593
1 0.641667 0.561728 0.133333 0.185185
1 0.688194 0.254321 0.106944 0.187654
1 0.446528 0.398765 0.109722 0.195062
1 0.353472 0.379012 0.090278 0.155556
1 0.617361 0.938272 0.118056 0.118519
3 0.234722 0.646914 0.066667 0.128395
3 0.190972 0.844444 0.095833 0.187654
3 0.695833 0.834568 0.091667 0.187654
3 0.673611 0.650617 0.066667 0.096296
3 0.789583 0.737037 0.156944 0.279012
3 0.772917 0.940741 0.1125 0.11358
3 0.271528 0.154321 0.118056 0.160494
