1 0.083333 0.319753 0.066667 0.111111
1 0.125 0.248148 0.044444 0.081481
1 0.221528 0.275309 0.056944 0.111111
1 0.384722 0.882716 0.077778 0.111111
1 0.635417 0.906173 0.079167 0.162963
1 0.640972 0.658025 0.043056 0.116049
1 0.638889 0.530864 0.044444 0.103704
1 0.585417 0.150617 0.051389 0.103704
1 0.670139 0.17037 0.043056 0.079012
1 0.7125 0.306173 0.044444 0.098765
1 0.954861 0.312346 0.045833 0.081481
0 0.304167 0.939506 0.119444 0.116049
0 0.956944 0.666667 0.077778 0.128395
0 0.559722 0.723457 0.044444 0.108642
0 0.874306 0.523457 0.076389 0.11358
3 0.842361 0.811111 0.0625 0.096296
3 0.975 0.860494 0.047222 0.101235
