1 0.234028 0.223457 0.054167 0.101235
1 0.248611 0.444444 0.069444 0.11358
1 0.29375 0.545679 0.073611 0.133333
1 0.348611 0.622222 0.058333 0.148148
1 0.404861 0.558025 0.079167 0.123457
1 0.38125 0.450617 0.065278 0.096296
1 0.595139 0.522222 0.076389 0.130864
1 0.653472 0.481481 0.079167 0.138272
1 0.492361 0.632099 0.076389 0.14321
1 0.175 0.85679 0.111111 0.182716
1 0.816667 0.944444 0.091667 0.106173
1 0.302083 0.269136 0.054167 0.118519
1 0.355556 0.27037 0.063889 0.140741
1 0.608333 0.191358 0.052778 0.116049
3 0.40625 0.858025 0.095833 0.175309
