1 0.125 0.141975 0.055556 0.071605
1 0.181944 0.316049 0.072222 0.123457
1 0.215278 0.254321 0.044444 0.074074
1 0.227083 0.076543 0.043056 0.059259
1 0.396528 0.104938 0.051389 0.076543
1 0.425694 0.060494 0.051389 0.076543
1 0.433333 0.162963 0.044444 0.069136
1 0.471528 0.204938 0.026389 0.059259
1 0.395139 0.35679 0.056944 0.116049
1 0.241667 0.47037 0.077778 0.120988
1 0.175694 0.561728 0.090278 0.140741
1 0.018056 0.495062 0.036111 0.101235
1 0.126389 0.05679 0.058333 0.088889
1 0.179167 0.022222 0.041667 0.044444
1 0.298611 0.480247 0.05 0.111111
1 0.818056 0.275309 0.052778 0.106173
0 0.589583 0.424691 0.056944 0.069136
0 0.624306 0.920988 0.084722 0.088889
3 0.878472 0.098765 0.0625 0.059259
