1 0.075 0.52716 0.136111 0.204938
1 0.208333 0.232099 0.094444 0.153086
1 0.116667 0.140741 0.097222 0.148148
1 0.252083 0.098765 0.118056 0.17284
1 0.377778 0.175309 0.108333 0.197531
1 0.253472 0.854321 0.106944 0.182716
1 0.413889 0.728395 0.083333 0.182716
1 0.35625 0.916049 0.084722 0.162963
1 0.451389 0.933333 0.094444 0.128395
1 0.503472 0.776543 0.106944 0.219753
1 0.568056 0.939506 0.102778 0.116049
1 0.70625 0.918519 0.118056 0.158025
1 0.750694 0.555556 0.115278 0.202469
2 0.683333 0.24321 0.080556 0.160494
3 0.321528 0.471605 0.118056 0.187654
3 0.491667 0.051852 0.066667 0.093827
