1 0.095139 0.362963 0.118056 0.187654
1 0.154861 0.25679 0.073611 0.11358
1 0.268056 0.548148 0.075 0.128395
1 0.4 0.381481 0.061111 0.135802
1 0.170833 0.564198 0.116667 0.175309
1 0.073611 0.725926 0.144444 0.217284
1 0.027778 0.112346 0.055556 0.091358
1 0.040278 0.030864 0.080556 0.061728
1 0.186806 0.02963 0.054167 0.059259
1 0.401389 0.045679 0.061111 0.08642
1 0.450694 0.11358 0.0625 0.11358
1 0.501389 0.155556 0.038889 0.074074
0 0.665278 0.471605 0.091667 0.108642
0 0.89375 0.350617 0.076389 0.118519
0 0.284722 0.683951 0.058333 0.128395
0 0.313889 0.506173 0.05 0.074074
0 0.3625 0.482716 0.055556 0.135802
0 0.833333 0.271605 0.041667 0.103704
0 0.665278 0.314815 0.05 0.081481
0 0.663889 0.188889 0.052778 0.091358
