1 0.371528 0.606173 0.070833 0.125926
1 0.448611 0.619753 0.061111 0.118519
1 0.484028 0.564198 0.081944 0.120988
1 0.550694 0.480247 0.059722 0.101235
1 0.586111 0.439506 0.075 0.128395
1 0.639583 0.541975 0.054167 0.101235
1 0.675694 0.590123 0.065278 0.083951
1 0.721528 0.688889 0.093056 0.14321
1 0.751389 0.817284 0.094444 0.148148
1 0.804167 0.953086 0.069444 0.088889
1 0.6625 0.94321 0.113889 0.103704
1 0.549306 0.962963 0.090278 0.069136
1 0.426389 0.885185 0.127778 0.195062
3 0.454167 0.738272 0.083333 0.083951
3 0.611111 0.818519 0.086111 0.125926
3 0.663889 0.675309 0.055556 0.08642
