3 0.441667 0.664198 0.044444 0.044444
1 0.402778 0.619753 0.044444 0.064198
1 0.373611 0.651852 0.047222 0.083951
1 0.409722 0.748148 0.061111 0.11358
1 0.309722 0.969136 0.066667 0.05679
1 0.413889 0.95679 0.058333 0.081481
1 0.265972 0.754321 0.056944 0.08642
1 0.114583 0.735802 0.070833 0.103704
1 0.205556 0.676543 0.05 0.064198
1 0.404167 0.539506 0.036111 0.061728
1 0.370833 0.428395 0.030556 0.051852
1 0.307639 0.555556 0.054167 0.103704
1 0.235417 0.296296 0.018056 0.034568
1 0.190972 0.319753 0.043056 0.05679
1 0.102083 0.209877 0.029167 0.049383
