1 0.331944 0.183951 0.038889 0.05679
1 0.48125 0.314815 0.045833 0.071605
1 0.738194 0.195062 0.051389 0.079012
1 0.696528 0.07037 0.043056 0.066667
1 0.542361 0.450617 0.034722 0.081481
1 0.535417 0.574074 0.054167 0.106173
1 0.376389 0.608642 0.075 0.101235
1 0.408333 0.716049 0.069444 0.14321
1 0.347917 0.741975 0.079167 0.135802
1 0.279861 0.623457 0.081944 0.125926
1 0.327778 0.464198 0.047222 0.079012
1 0.150694 0.541975 0.065278 0.101235
1 0.066667 0.711111 0.083333 0.118519
1 0.290278 0.92963 0.066667 0.101235
