1 0.059028 0.411111 0.118056 0.17037
1 0.326389 0.318519 0.086111 0.133333
1 0.386806 0.225926 0.1125 0.155556
1 0.407639 0.348148 0.084722 0.14321
1 0.481944 0.320988 0.097222 0.128395
1 0.482639 0.214815 0.068056 0.088889
1 0.493056 0.451852 0.113889 0.158025
1 0.564583 0.340741 0.081944 0.123457
1 0.508333 0.146914 0.069444 0.081481
1 0.429861 0.108642 0.056944 0.079012
1 0.627778 0.391358 0.066667 0.120988
1 0.611806 0.448148 0.065278 0.081481
1 0.616667 0.549383 0.066667 0.145679
1 0.670139 0.517284 0.065278 0.116049
1 0.711111 0.511111 0.047222 0.108642
1 0.691667 0.411111 0.052778 0.076543
1 0.678472 0.340741 0.054167 0.088889
1 0.747222 0.867901 0.097222 0.209877
1 0.615278 0.941975 0.111111 0.111111
1 0.592361 0.692593 0.109722 0.204938
1 0.378472 0.528395 0.134722 0.22716
1 0.426389 0.72716 0.1 0.190123
1 0.3125 0.861728 0.152778 0.271605
0 0.080556 0.249383 0.108333 0.123457
0 0.093056 0.14321 0.111111 0.064198
3 0.10625 0.554321 0.098611 0.145679
3 0.177083 0.850617 0.170833 0.293827
3 0.407639 0.839506 0.068056 0.128395
3 0.674306 0.893827 0.059722 0.11358
