1 0.233333 0.511111 0.069444 0.093827
1 0.402778 0.293827 0.058333 0.093827
1 0.319444 0.165432 0.061111 0.088889
1 0.472917 0.276543 0.054167 0.098765
1 0.527083 0.261728 0.056944 0.118519
1 0.588889 0.311111 0.052778 0.088889
1 0.658333 0.309877 0.058333 0.08642
1 0.691667 0.222222 0.058333 0.088889
1 0.506944 0.471605 0.097222 0.118519
1 0.460417 0.590123 0.056944 0.088889
1 0.520139 0.72963 0.065278 0.120988
1 0.634722 0.791358 0.091667 0.135802
1 0.588194 0.67284 0.076389 0.135802
3 0.318056 0.639506 0.063889 0.093827
