1 0.357639 0.144444 0.0875 0.111111
1 0.384028 0.34321 0.093056 0.162963
0 0.81875 0.244444 0.076389 0.103704
0 0.742361 0.355556 0.093056 0.088889
0 0.505556 0.91358 0.155556 0.123457
0 0.841667 0.848148 0.083333 0.165432
0 0.579861 0.435802 0.043056 0.2
3 0.692361 0.523457 0.073611 0.093827
3 0.751389 0.479012 0.077778 0.093827
3 0.902778 0.422222 0.080556 0.128395
3 0.855556 0.333333 0.058333 0.074074
3 0.153472 0.045679 0.045833 0.066667
3 0.454861 0.141975 0.040278 0.05679
3 0.611806 0.211111 0.048611 0.066667
