1 0.129861 0.137037 0.048611 0.071605
1 0.424306 0.077778 0.076389 0.111111
1 0.290972 0.507407 0.073611 0.130864
1 0.5375 0.488889 0.094444 0.148148
1 0.95 0.051852 0.044444 0.088889
1 0.920833 0.118519 0.041667 0.088889
1 0.886111 0.193827 0.052778 0.120988
1 0.943056 0.453086 0.052778 0.08642
1 0.403472 0.283951 0.034722 0.079012
3 0.340972 0.192593 0.051389 0.083951
3 0.489583 0.219753 0.065278 0.098765
3 0.63125 0.250617 0.0875 0.125926
3 0.53125 0.844444 0.070833 0.083951
3 0.777083 0.885185 0.081944 0.111111
3 0.533333 0.944444 0.091667 0.106173
3 0.117361 0.909877 0.076389 0.111111
3 0.209722 0.582716 0.044444 0.083951
3 0.15 0.676543 0.063889 0.083951
3 0.228472 0.720988 0.054167 0.064198
