1 0.334028 0.340741 0.076389 0.153086
1 0.236111 0.17037 0.05 0.093827
1 0.429167 0.154321 0.041667 0.091358
1 0.452778 0.418519 0.055556 0.096296
1 0.576389 0.565432 0.055556 0.11358
1 0.429861 0.919753 0.059722 0.130864
1 0.471528 0.669136 0.056944 0.133333
1 0.488889 0.34321 0.030556 0.079012
1 0.294444 0.535802 0.077778 0.128395
1 0.123611 0.75679 0.066667 0.120988
1 0.598611 0.41358 0.033333 0.071605
0 0.820833 0.869136 0.075 0.059259
3 0.611806 0.640741 0.051389 0.096296
3 0.928472 0.706173 0.070833 0.088889
3 0.833333 0.658025 0.047222 0.081481
