1 0.206944 0.222222 0.066667 0.108642
1 0.236806 0.388889 0.0625 0.140741
1 0.038889 0.496296 0.077778 0.187654
1 0.154167 0.646914 0.094444 0.162963
1 0.050694 0.938272 0.101389 0.118519
1 0.103472 0.483951 0.081944 0.118519
0 0.649306 0.517284 0.1375 0.224691
0 0.235417 0.840741 0.095833 0.150617
0 0.340278 0.566667 0.055556 0.165432
0 0.307639 0.706173 0.054167 0.158025
3 0.427778 0.802469 0.122222 0.25679
3 0.391667 0.966667 0.083333 0.061728
3 0.372917 0.492593 0.051389 0.106173
3 0.225 0.64321 0.058333 0.101235
