1 0.326389 0.098765 0.072222 0.128395
0 0.360417 0.522222 0.109722 0.08642
0 0.324306 0.72963 0.079167 0.244444
0 0.409722 0.664198 0.094444 0.153086
0 0.604167 0.240741 0.058333 0.08642
0 0.598611 0.544444 0.072222 0.096296
0 0.864583 0.795062 0.081944 0.108642
3 0.220833 0.728395 0.097222 0.138272
3 0.549306 0.335802 0.048611 0.059259
3 0.598611 0.325926 0.061111 0.074074
3 0.902778 0.595062 0.094444 0.118519
3 0.84375 0.453086 0.073611 0.111111
3 0.716667 0.32716 0.061111 0.081481
3 0.433333 0.064198 0.047222 0.083951
