1 0.265278 0.592593 0.063889 0.108642
1 0.033333 0.082716 0.05 0.066667
1 0.070833 0.206173 0.052778 0.096296
0 0.766667 0.809877 0.108333 0.246914
0 0.708333 0.551852 0.075 0.091358
0 0.353472 0.354321 0.065278 0.140741
3 0.215972 0.418519 0.068056 0.081481
3 0.184028 0.482716 0.065278 0.091358
3 0.716667 0.797531 0.069444 0.133333
3 0.825694 0.774074 0.084722 0.140741
3 0.838194 0.923457 0.068056 0.108642
3 0.845833 0.471605 0.041667 0.074074
3 0.966667 0.366667 0.058333 0.08642
3 0.061806 0.640741 0.051389 0.076543
3 0.045833 0.323457 0.044444 0.059259
