1 0.140278 0.244444 0.119444 0.162963
1 0.789583 0.537037 0.079167 0.130864
1 0.954167 0.354321 0.063889 0.106173
1 0.617361 0.3 0.048611 0.08642
1 0.591667 0.053086 0.061111 0.091358
0 0.688194 0.722222 0.090278 0.150617
0 0.591667 0.944444 0.058333 0.106173
3 0.115278 0.85679 0.122222 0.138272
3 0.128472 0.774074 0.065278 0.05679
3 0.148611 0.67037 0.086111 0.091358
3 0.419444 0.717284 0.077778 0.101235
3 0.229861 0.959259 0.079167 0.076543
3 0.755556 0.866667 0.061111 0.088889
3 0.706944 0.348148 0.05 0.064198
